time,enrolled,available,waitlisted,total
2024-04-13T10:15:38,0,70,0,70
2024-04-13T10:22:03,0,70,0,70
2024-04-13T10:28:27,0,70,0,70
2024-04-13T10:34:52,0,70,0,70
2024-04-13T10:41:17,0,70,0,70
2024-04-13T10:47:41,0,70,0,70
2024-04-13T10:54:06,0,70,0,70
2024-04-13T11:00:30,0,70,0,70
2024-04-13T11:06:55,0,70,0,70
2024-04-13T11:13:20,0,70,0,70
2024-04-13T11:19:45,0,70,0,70
2024-04-13T11:26:10,0,70,0,70
2024-04-13T11:32:34,0,70,0,70
2024-04-13T11:38:59,0,70,0,70
2024-04-13T11:45:23,0,70,0,70
2024-04-13T11:51:57,0,70,0,70
2024-04-13T11:58:22,0,70,0,70
2024-04-13T12:04:49,0,70,0,70
2024-04-13T12:11:13,0,70,0,70
2024-04-13T12:17:38,0,70,0,70
2024-04-13T12:24:02,0,70,0,70
2024-04-13T12:30:27,0,70,0,70
2024-04-13T12:36:52,0,70,0,70
2024-04-13T12:43:16,0,70,0,70
2024-04-13T12:49:41,0,70,0,70
2024-04-13T12:56:06,0,70,0,70
2024-04-13T13:02:30,0,70,0,70
2024-04-13T13:08:55,0,70,0,70
2024-04-13T13:15:20,0,70,0,70
2024-04-13T13:21:44,0,70,0,70
2024-04-13T13:28:09,0,70,0,70
2024-04-13T13:34:33,0,70,0,70
2024-04-13T13:41:08,0,70,0,70
2024-04-13T13:47:33,0,70,0,70
2024-04-13T13:53:57,0,70,0,70
2024-04-13T14:00:22,0,70,0,70
2024-04-13T14:06:46,0,70,0,70
2024-04-13T14:13:11,0,70,0,70
2024-04-13T14:19:35,0,70,0,70
2024-04-13T14:26:00,0,70,0,70
2024-04-13T14:32:24,0,70,0,70
2024-04-13T14:38:49,0,70,0,70
2024-04-13T14:45:14,0,70,0,70
2024-04-13T14:51:38,0,70,0,70
2024-04-13T14:58:02,0,70,0,70
2024-04-13T15:04:27,0,70,0,70
2024-04-13T15:10:52,0,70,0,70
2024-04-13T15:17:16,0,70,0,70
2024-04-13T15:23:40,0,70,0,70
2024-04-13T15:30:05,0,70,0,70
2024-04-13T15:36:29,0,70,0,70
2024-04-13T15:42:54,0,70,0,70
2024-04-13T15:49:18,0,70,0,70
2024-04-13T15:55:43,0,70,0,70
2024-04-13T16:02:07,0,70,0,70
2024-04-13T16:08:32,0,70,0,70
2024-04-13T16:14:56,0,70,0,70
2024-04-13T16:21:21,0,70,0,70
2024-04-13T16:27:55,0,70,0,70
2024-04-13T16:34:19,0,70,0,70
2024-04-13T16:40:44,0,70,0,70
2024-04-13T16:47:08,0,70,0,70
2024-04-13T16:53:33,0,70,0,70
2024-04-13T16:59:57,0,70,0,70
2024-04-13T17:06:22,0,70,0,70
2024-04-13T17:12:47,0,70,0,70
2024-04-13T17:19:12,0,70,0,70
2024-04-13T17:25:36,0,70,0,70
2024-04-13T17:32:00,0,70,0,70
2024-04-13T17:38:25,0,70,0,70
2024-04-13T17:44:50,0,70,0,70
2024-04-13T17:51:14,0,70,0,70
2024-04-13T17:57:38,0,70,0,70
2024-04-13T18:04:03,0,70,0,70
2024-04-13T18:10:27,0,70,0,70
2024-04-13T18:16:52,0,70,0,70
2024-04-13T18:23:16,0,70,0,70
2024-04-13T18:29:41,0,70,0,70
2024-04-13T18:36:05,0,70,0,70
2024-04-13T18:42:30,0,70,0,70
2024-04-13T18:48:54,0,70,0,70
2024-04-13T18:55:19,0,70,0,70
2024-04-13T19:01:43,0,70,0,70
2024-04-13T19:08:08,0,70,0,70
2024-04-13T19:14:32,0,70,0,70
2024-04-13T19:20:57,0,70,0,70
2024-04-13T19:27:21,0,70,0,70
2024-04-13T19:33:46,0,70,0,70
2024-04-13T19:40:10,0,70,0,70
2024-04-13T19:46:35,0,70,0,70
2024-04-13T19:52:59,0,70,0,70
2024-04-13T19:59:24,0,70,0,70
2024-04-13T20:05:48,0,70,0,70
2024-04-13T20:12:23,0,70,0,70
2024-04-13T20:18:47,0,70,0,70
2024-04-13T20:25:12,0,70,0,70
2024-04-13T20:31:36,0,70,0,70
2024-04-13T20:38:01,0,70,0,70
2024-04-13T20:44:25,0,70,0,70
2024-04-13T20:50:50,0,70,0,70
2024-04-13T20:57:14,0,70,0,70
2024-04-13T21:03:39,0,70,0,70
2024-04-13T21:10:03,0,70,0,70
2024-04-13T21:16:28,0,70,0,70
2024-04-13T21:22:52,0,70,0,70
2024-04-13T21:29:17,0,70,0,70
2024-04-13T21:35:42,0,70,0,70
2024-04-13T21:42:07,0,70,0,70
2024-04-13T21:48:32,0,70,0,70
2024-04-13T21:54:56,0,70,0,70
2024-04-13T22:01:21,0,70,0,70
2024-04-13T22:07:45,0,70,0,70
2024-04-13T22:14:09,0,70,0,70
2024-04-13T22:20:34,0,70,0,70
2024-04-13T22:26:58,0,70,0,70
2024-04-13T22:33:23,0,70,0,70
2024-04-13T22:39:47,0,70,0,70
2024-04-13T22:46:12,0,70,0,70
2024-04-13T22:52:36,0,70,0,70
2024-04-13T22:59:01,0,70,0,70
2024-04-13T23:05:26,0,70,0,70
2024-04-13T23:11:51,0,70,0,70
2024-04-13T23:18:15,0,70,0,70
2024-04-13T23:24:40,0,70,0,70
2024-04-13T23:31:05,0,70,0,70
2024-04-13T23:37:29,0,70,0,70
2024-04-13T23:44:03,0,70,0,70
2024-04-13T23:50:28,0,70,0,70
2024-04-13T23:56:53,0,70,0,70
2024-04-14T00:03:18,0,70,0,70
2024-04-14T00:09:43,0,70,0,70
2024-04-14T00:16:10,0,70,0,70
2024-04-14T00:22:36,0,70,0,70
2024-04-14T00:29:02,0,70,0,70
2024-04-14T00:35:28,0,70,0,70
2024-04-14T00:41:53,0,70,0,70
2024-04-14T00:48:18,0,70,0,70
2024-04-14T00:54:43,0,70,0,70
2024-04-14T01:01:09,0,70,0,70
2024-04-14T01:07:34,0,70,0,70
2024-04-14T01:13:59,0,70,0,70
2024-04-14T01:20:23,0,70,0,70
2024-04-14T01:26:48,0,70,0,70
2024-04-14T01:33:14,0,70,0,70
2024-04-14T01:39:38,0,70,0,70
2024-04-14T01:46:03,0,70,0,70
2024-04-14T01:52:29,0,70,0,70
2024-04-14T01:58:54,0,70,0,70
2024-04-14T02:05:18,0,70,0,70
2024-04-14T02:11:45,0,70,0,70
2024-04-14T02:18:10,0,70,0,70
2024-04-14T02:24:35,0,70,0,70
2024-04-14T02:31:00,0,70,0,70
2024-04-14T02:37:25,0,70,0,70
2024-04-14T02:43:50,0,70,0,70
2024-04-14T02:50:15,0,70,0,70
2024-04-14T02:56:40,0,70,0,70
2024-04-14T03:03:05,0,70,0,70
2024-04-14T03:09:30,0,70,0,70
2024-04-14T03:15:55,0,70,0,70
2024-04-14T03:22:20,0,70,0,70
2024-04-14T03:28:45,0,70,0,70
2024-04-14T03:35:10,0,70,0,70
2024-04-14T03:41:35,0,70,0,70
2024-04-14T03:47:59,0,70,0,70
2024-04-14T03:54:24,0,70,0,70
2024-04-14T04:00:49,0,70,0,70
2024-04-14T04:07:15,0,70,0,70
2024-04-14T04:13:48,0,70,0,70
2024-04-14T04:29:46,0,70,0,70
2024-04-14T04:36:12,0,70,0,70
2024-04-14T04:42:37,0,70,0,70
2024-04-14T04:50:14,0,70,0,70
2024-04-14T04:56:57,0,70,0,70
2024-04-14T05:03:23,0,70,0,70
2024-04-14T05:09:48,0,70,0,70
2024-04-14T05:16:12,0,70,0,70
2024-04-14T05:22:37,0,70,0,70
2024-04-14T05:29:03,0,70,0,70
2024-04-14T05:35:28,0,70,0,70
2024-04-14T05:41:53,0,70,0,70
2024-04-14T05:48:18,0,70,0,70
2024-04-14T05:54:43,0,70,0,70
2024-04-14T06:01:10,0,70,0,70
2024-04-14T06:07:35,0,70,0,70
2024-04-14T06:14:00,0,70,0,70
2024-04-14T06:20:25,0,70,0,70
2024-04-14T06:26:50,0,70,0,70
2024-04-14T06:33:15,0,70,0,70
2024-04-14T06:39:39,0,70,0,70
2024-04-14T06:46:04,0,70,0,70
2024-04-14T06:52:29,0,70,0,70
2024-04-14T06:58:57,0,70,0,70
2024-04-14T07:05:22,0,70,0,70
2024-04-14T07:11:46,0,70,0,70
2024-04-14T07:18:11,0,70,0,70
2024-04-14T07:24:37,0,70,0,70
2024-04-14T07:31:01,0,70,0,70
2024-04-14T07:37:26,0,70,0,70
2024-04-14T07:43:51,0,70,0,70
2024-04-14T07:50:15,0,70,0,70
2024-04-14T07:56:40,0,70,0,70
2024-04-14T08:03:06,0,70,0,70
2024-04-14T08:09:31,0,70,0,70
2024-04-14T08:15:55,0,70,0,70
2024-04-14T08:22:21,0,70,0,70
2024-04-14T08:28:46,0,70,0,70
2024-04-14T08:35:11,0,70,0,70
2024-04-14T08:41:36,0,70,0,70
2024-04-14T08:48:01,0,70,0,70
2024-04-14T08:54:26,0,70,0,70
2024-04-14T09:00:50,0,70,0,70
2024-04-14T09:07:15,0,70,0,70
2024-04-14T09:13:40,0,70,0,70
2024-04-14T09:20:05,0,70,0,70
2024-04-14T09:26:47,0,70,0,70
2024-04-14T09:33:12,0,70,0,70
2024-04-14T09:39:37,0,70,0,70
2024-04-14T09:46:03,0,70,0,70
2024-04-14T09:52:28,0,70,0,70
2024-04-14T09:58:53,0,70,0,70
2024-04-14T10:05:18,0,70,0,70
2024-04-14T10:11:43,0,70,0,70
2024-04-14T10:18:09,0,70,0,70
2024-04-14T10:24:34,0,70,0,70
2024-04-14T10:30:59,0,70,0,70
2024-04-14T10:37:23,0,70,0,70
2024-04-14T10:43:49,0,70,0,70
2024-04-14T10:50:13,0,70,0,70
2024-04-14T10:56:38,0,70,0,70
2024-04-14T11:03:03,0,70,0,70
2024-04-14T11:09:28,0,70,0,70
2024-04-14T11:15:53,0,70,0,70
2024-04-14T11:22:19,0,70,0,70
2024-04-14T11:28:43,0,70,0,70
2024-04-14T11:35:08,0,70,0,70
2024-04-14T11:41:34,0,70,0,70
2024-04-14T11:48:00,0,70,0,70
2024-04-14T11:54:25,0,70,0,70
2024-04-14T12:00:50,0,70,0,70
2024-04-14T12:07:15,0,70,0,70
2024-04-14T12:13:51,0,70,0,70
2024-04-14T12:20:16,0,70,0,70
2024-04-14T12:26:40,0,70,0,70
2024-04-14T12:33:05,0,70,0,70
2024-04-14T12:39:30,0,70,0,70
2024-04-14T12:45:54,0,70,0,70
2024-04-14T12:52:19,0,70,0,70
2024-04-14T12:58:43,0,70,0,70
2024-04-14T13:05:08,0,70,0,70
2024-04-14T13:11:33,0,70,0,70
2024-04-14T13:17:57,0,70,0,70
2024-04-14T13:24:22,0,70,0,70
2024-04-14T13:30:46,0,70,0,70
2024-04-14T13:37:10,0,70,0,70
2024-04-14T13:43:35,0,70,0,70
2024-04-14T13:49:59,0,70,0,70
2024-04-14T13:56:24,0,70,0,70
2024-04-14T14:02:49,0,70,0,70
2024-04-14T14:09:13,0,70,0,70
2024-04-14T14:15:38,0,70,0,70
2024-04-14T14:22:03,0,70,0,70
2024-04-14T14:28:27,0,70,0,70
2024-04-14T14:34:52,0,70,0,70
2024-04-14T14:41:16,0,70,0,70
2024-04-14T14:47:41,0,70,0,70
2024-04-14T14:54:24,0,70,0,70
2024-04-14T15:00:49,0,70,0,70
2024-04-14T15:07:13,0,70,0,70
2024-04-14T15:13:37,0,70,0,70
2024-04-14T15:20:02,0,70,0,70
2024-04-14T15:26:26,0,70,0,70
2024-04-14T15:32:51,0,70,0,70
2024-04-14T15:39:15,0,70,0,70
2024-04-14T15:45:40,0,70,0,70
2024-04-14T15:52:04,0,70,0,70
2024-04-14T15:58:29,0,70,0,70
2024-04-14T16:04:53,0,70,0,70
2024-04-14T16:11:19,0,70,0,70
2024-04-14T16:17:43,0,70,0,70
2024-04-14T16:24:08,0,70,0,70
2024-04-14T16:30:33,0,70,0,70
2024-04-14T16:36:58,0,70,0,70
2024-04-14T16:43:22,0,70,0,70
2024-04-14T16:49:57,0,70,0,70
2024-04-14T16:56:21,0,70,0,70
2024-04-14T17:02:45,0,70,0,70
2024-04-14T17:09:10,0,70,0,70
2024-04-14T17:15:35,0,70,0,70
2024-04-14T17:21:59,0,70,0,70
2024-04-14T17:28:24,0,70,0,70
2024-04-14T17:34:48,0,70,0,70
2024-04-14T17:41:13,0,70,0,70
2024-04-14T17:47:37,0,70,0,70
2024-04-14T17:54:01,0,70,0,70
2024-04-14T18:00:26,0,70,0,70
2024-04-14T18:06:51,0,70,0,70
2024-04-14T18:13:15,0,70,0,70
2024-04-14T18:19:40,0,70,0,70
2024-04-14T18:26:05,0,70,0,70
2024-04-14T18:32:30,0,70,0,70
2024-04-14T18:38:54,0,70,0,70
2024-04-14T18:45:20,0,70,0,70
2024-04-14T18:51:44,0,70,0,70
2024-04-14T18:58:09,0,70,0,70
2024-04-14T19:04:35,0,70,0,70
2024-04-14T19:11:01,0,70,0,70
2024-04-14T19:17:26,0,70,0,70
2024-04-14T19:24:02,0,70,0,70
2024-04-14T19:30:27,0,70,0,70
2024-04-14T19:36:52,0,70,0,70
2024-04-14T19:43:17,0,70,0,70
2024-04-14T19:49:42,0,70,0,70
2024-04-14T19:56:07,0,70,0,70
2024-04-14T20:02:32,0,70,0,70
2024-04-14T20:08:57,0,70,0,70
2024-04-14T20:15:22,0,70,0,70
2024-04-14T20:21:47,0,70,0,70
2024-04-14T20:28:12,0,70,0,70
2024-04-14T20:34:38,0,70,0,70
2024-04-14T20:41:03,0,70,0,70
2024-04-14T20:47:28,0,70,0,70
2024-04-14T20:53:52,0,70,0,70
2024-04-14T21:00:16,0,70,0,70
2024-04-14T21:06:41,0,70,0,70
2024-04-14T21:13:06,0,70,0,70
2024-04-14T21:19:31,0,70,0,70
2024-04-14T21:25:56,0,70,0,70
2024-04-14T21:32:39,0,70,0,70
2024-04-14T21:39:03,0,70,0,70
2024-04-14T21:45:28,0,70,0,70
2024-04-14T21:51:53,0,70,0,70
2024-04-14T21:58:19,0,70,0,70
2024-04-14T22:04:44,0,70,0,70
2024-04-14T22:11:09,0,70,0,70
2024-04-14T22:17:35,0,70,0,70
2024-04-14T22:23:59,0,70,0,70
2024-04-14T22:30:25,0,70,0,70
2024-04-14T22:36:51,0,70,0,70
2024-04-14T22:43:16,0,70,0,70
2024-04-14T22:49:41,0,70,0,70
2024-04-14T22:56:06,0,70,0,70
2024-04-14T23:02:31,0,70,0,70
2024-04-14T23:08:56,0,70,0,70
2024-04-14T23:15:21,0,70,0,70
2024-04-14T23:21:45,0,70,0,70
2024-04-14T23:28:10,0,70,0,70
2024-04-14T23:34:36,0,70,0,70
2024-04-14T23:41:00,0,70,0,70
2024-04-14T23:47:25,0,70,0,70
2024-04-14T23:53:50,0,70,0,70
2024-04-15T00:00:15,0,70,0,70
2024-04-15T00:06:50,0,70,0,70
2024-04-15T00:13:16,0,70,0,70
2024-04-15T00:19:41,0,70,0,70
2024-04-15T00:26:07,0,70,0,70
2024-04-15T00:32:34,0,70,0,70
2024-04-15T00:39:00,0,70,0,70
2024-04-15T00:45:25,0,70,0,70
2024-04-15T00:51:50,0,70,0,70
2024-04-15T00:58:15,0,70,0,70
2024-04-15T01:04:43,0,70,0,70
2024-04-15T01:11:09,0,70,0,70
2024-04-15T01:17:35,0,70,0,70
2024-04-15T01:24:00,0,70,0,70
2024-04-15T01:30:25,0,70,0,70
2024-04-15T01:36:50,0,70,0,70
2024-04-15T01:43:15,0,70,0,70
2024-04-15T01:49:40,0,70,0,70
2024-04-15T01:56:05,0,70,0,70
2024-04-15T02:02:30,0,70,0,70
2024-04-15T02:08:55,0,70,0,70
2024-04-15T02:15:20,0,70,0,70
2024-04-15T02:21:45,0,70,0,70
2024-04-15T02:28:09,0,70,0,70
2024-04-15T02:35:01,0,70,0,70
2024-04-15T02:41:26,0,70,0,70
2024-04-15T02:47:51,0,70,0,70
2024-04-15T02:54:16,0,70,0,70
2024-04-15T03:00:41,0,70,0,70
2024-04-15T03:07:06,0,70,0,70
2024-04-15T03:13:31,0,70,0,70
2024-04-15T03:19:56,0,70,0,70
2024-04-15T03:26:21,0,70,0,70
2024-04-15T03:32:46,0,70,0,70
2024-04-15T03:39:11,0,70,0,70
2024-04-15T03:45:36,0,70,0,70
2024-04-15T03:52:01,0,70,0,70
2024-04-15T03:58:25,0,70,0,70
2024-04-15T04:04:50,0,70,0,70
2024-04-15T09:30:35,0,70,0,70
2024-04-15T09:34:57,0,70,0,70
2024-04-15T09:41:22,0,70,0,70
2024-04-15T09:47:46,0,70,0,70
2024-04-15T09:54:11,0,70,0,70
2024-04-15T10:00:44,0,70,0,70
2024-04-15T10:07:09,0,70,0,70
2024-04-15T10:13:34,0,70,0,70
2024-04-15T10:19:58,0,70,0,70
2024-04-15T10:26:23,0,70,0,70
2024-04-15T10:32:47,0,70,0,70
2024-04-15T10:39:12,0,70,0,70
2024-04-15T10:45:36,0,70,0,70
2024-04-15T10:52:01,0,70,0,70
2024-04-15T10:58:25,0,70,0,70
2024-04-15T11:04:50,0,70,0,70
2024-04-15T11:11:14,0,70,0,70
2024-04-15T11:17:50,0,70,0,70
2024-04-15T11:24:15,0,70,0,70
2024-04-15T11:30:39,0,70,0,70
2024-04-15T11:37:04,0,70,0,70
2024-04-15T11:43:29,0,70,0,70
2024-04-15T11:49:54,0,70,0,70
2024-04-15T11:56:18,0,70,0,70
2024-04-15T12:02:43,0,70,0,70
2024-04-15T12:09:08,0,70,0,70
2024-04-15T12:15:42,0,70,0,70
2024-04-15T12:22:07,0,70,0,70
2024-04-15T12:28:31,0,70,0,70
2024-04-15T12:34:56,0,70,0,70
2024-04-15T12:41:20,0,70,0,70
2024-04-15T12:47:45,0,70,0,70
2024-04-15T12:54:09,0,70,0,70
2024-04-15T13:00:34,0,70,0,70
2024-04-15T13:06:58,0,70,0,70
2024-04-15T13:13:23,0,70,0,70
2024-04-15T13:19:48,0,70,0,70
2024-04-15T13:26:23,0,70,0,70
2024-04-15T13:32:48,0,70,0,70
2024-04-15T13:39:14,0,70,0,70
2024-04-15T13:45:41,0,70,0,70
2024-04-15T13:52:07,0,70,0,70
2024-04-15T13:58:33,0,70,0,70
2024-04-15T14:05:01,0,70,0,70
2024-04-15T14:11:25,0,70,0,70
2024-04-15T14:17:50,0,70,0,70
2024-04-15T14:24:15,0,70,0,70
2024-04-15T14:30:39,0,70,0,70
2024-04-15T14:37:04,0,70,0,70
2024-04-15T14:43:29,0,70,0,70
2024-04-15T14:49:53,0,70,0,70
2024-04-15T14:56:28,0,70,0,70
2024-04-15T15:02:53,0,70,0,70
2024-04-15T15:09:17,0,70,0,70
2024-04-15T15:15:42,1,69,0,70
2024-04-15T15:22:06,1,69,0,70
2024-04-15T15:28:31,1,69,0,70
2024-04-15T15:34:56,1,69,0,70
2024-04-15T15:41:20,1,69,0,70
2024-04-15T15:47:45,1,69,0,70
2024-04-15T15:54:09,1,69,0,70
2024-04-15T16:00:44,1,69,0,70
2024-04-15T16:07:09,1,69,0,70
2024-04-15T16:13:33,1,69,0,70
2024-04-15T16:19:58,1,69,0,70
2024-04-15T16:26:23,1,69,0,70
2024-04-15T16:32:47,1,69,0,70
2024-04-15T16:39:12,1,69,0,70
2024-04-15T16:45:36,1,69,0,70
2024-04-15T16:52:01,1,69,0,70
2024-04-15T16:58:25,1,69,0,70
2024-04-15T17:04:50,1,69,0,70
2024-04-15T17:11:15,1,69,0,70
2024-04-15T17:17:40,1,69,0,70
2024-04-15T17:24:17,2,68,0,70
2024-04-15T17:30:42,2,68,0,70
2024-04-15T17:37:06,2,68,0,70
2024-04-15T17:43:31,2,68,0,70
2024-04-15T17:49:56,2,68,0,70
2024-04-15T17:56:20,2,68,0,70
2024-04-15T18:02:45,2,68,0,70
2024-04-15T18:09:10,2,68,0,70
2024-04-15T18:15:34,2,68,0,70
2024-04-15T18:21:59,2,68,0,70
2024-04-15T18:28:23,2,68,0,70
2024-04-15T18:34:48,2,68,0,70
2024-04-15T18:41:12,2,68,0,70
2024-04-15T18:47:37,2,68,0,70
2024-04-15T18:54:01,2,68,0,70
2024-04-15T19:00:26,2,68,0,70
2024-04-15T19:07:01,2,68,0,70
2024-04-15T19:13:25,2,68,0,70
2024-04-15T19:19:50,2,68,0,70
2024-04-15T19:26:14,2,68,0,70
2024-04-15T19:32:39,2,68,0,70
2024-04-15T19:39:03,2,68,0,70
2024-04-15T19:45:28,2,68,0,70
2024-04-15T19:51:52,2,68,0,70
2024-04-15T19:58:17,2,68,0,70
2024-04-15T20:04:41,2,68,0,70
2024-04-15T20:11:06,2,68,0,70
2024-04-15T20:17:30,2,68,0,70
2024-04-15T20:23:55,2,68,0,70
2024-04-15T20:30:19,2,68,0,70
2024-04-15T20:36:43,2,68,0,70
2024-04-15T20:43:08,2,68,0,70
2024-04-15T20:49:32,2,68,0,70
2024-04-15T20:55:56,2,68,0,70
2024-04-15T21:02:21,3,67,0,70
2024-04-15T21:08:57,3,67,0,70
2024-04-15T21:15:22,3,67,0,70
2024-04-15T21:21:47,3,67,0,70
2024-04-15T21:28:11,3,67,0,70
2024-04-15T21:34:36,3,67,0,70
2024-04-15T21:41:00,3,67,0,70
2024-04-15T21:47:26,3,67,0,70
2024-04-15T21:53:50,3,67,0,70
2024-04-15T22:00:15,3,67,0,70
2024-04-15T22:06:40,3,67,0,70
2024-04-15T22:13:05,3,67,0,70
2024-04-15T22:19:29,3,67,0,70
2024-04-15T22:25:53,3,67,0,70
2024-04-15T22:32:18,3,67,0,70
2024-04-15T22:38:43,3,67,0,70
2024-04-15T22:45:07,3,67,0,70
2024-04-15T22:51:32,3,67,0,70
2024-04-15T22:57:56,3,67,0,70
2024-04-15T23:04:21,3,67,0,70
2024-04-15T23:10:56,3,67,0,70
2024-04-15T23:17:21,3,67,0,70
2024-04-15T23:23:46,3,67,0,70
2024-04-15T23:30:11,3,67,0,70
2024-04-15T23:36:36,3,67,0,70
2024-04-15T23:43:01,3,67,0,70
2024-04-15T23:49:26,3,67,0,70
2024-04-15T23:55:51,3,67,0,70
2024-04-16T00:02:16,3,67,0,70
2024-04-16T00:08:41,3,67,0,70
2024-04-16T00:15:07,3,67,0,70
2024-04-16T00:21:37,3,67,0,70
2024-04-16T00:28:03,3,67,0,70
2024-04-16T00:34:28,3,67,0,70
2024-04-16T00:40:53,3,67,0,70
2024-04-16T00:47:19,3,67,0,70
2024-04-16T00:53:44,3,67,0,70
2024-04-16T01:00:09,3,67,0,70
2024-04-16T01:06:34,3,67,0,70
2024-04-16T01:12:59,3,67,0,70
2024-04-16T01:19:24,3,67,0,70
2024-04-16T01:25:49,3,67,0,70
2024-04-16T01:32:14,3,67,0,70
2024-04-16T01:38:39,3,67,0,70
2024-04-16T01:45:06,3,67,0,70
2024-04-16T01:51:31,3,67,0,70
2024-04-16T01:58:04,3,67,0,70
2024-04-16T02:04:29,3,67,0,70
2024-04-16T02:10:54,3,67,0,70
2024-04-16T02:17:19,3,67,0,70
2024-04-16T02:23:44,3,67,0,70
2024-04-16T02:30:09,3,67,0,70
2024-04-16T02:36:34,3,67,0,70
2024-04-16T02:42:58,3,67,0,70
2024-04-16T02:49:23,3,67,0,70
2024-04-16T02:55:48,3,67,0,70
2024-04-16T03:02:12,3,67,0,70
2024-04-16T03:08:37,3,67,0,70
2024-04-16T03:15:02,3,67,0,70
2024-04-16T03:21:27,3,67,0,70
2024-04-16T03:27:52,3,67,0,70
2024-04-16T03:34:17,3,67,0,70
2024-04-16T03:40:42,3,67,0,70
2024-04-16T03:47:07,3,67,0,70
2024-04-16T03:53:31,3,67,0,70
2024-04-16T03:59:57,3,67,0,70
2024-04-16T04:06:23,3,67,0,70
2024-04-16T14:02:45,4,66,0,70
2024-04-16T14:09:10,4,66,0,70
2024-04-16T14:15:45,4,66,0,70
2024-04-16T14:22:10,4,66,0,70
2024-04-16T14:28:34,5,65,0,70
2024-04-16T14:34:59,5,65,0,70
2024-04-16T14:41:24,5,65,0,70
2024-04-16T14:47:48,5,65,0,70
2024-04-16T14:54:13,5,65,0,70
2024-04-16T15:00:38,5,65,0,70
2024-04-16T15:07:03,5,65,0,70
2024-04-16T15:13:39,5,65,0,70
2024-04-16T15:20:07,5,65,0,70
2024-04-16T15:26:32,5,65,0,70
2024-04-16T15:32:56,5,65,0,70
2024-04-16T15:39:21,5,65,0,70
2024-04-16T15:45:45,5,65,0,70
2024-04-16T15:52:10,5,65,0,70
2024-04-16T15:58:34,5,65,0,70
2024-04-16T16:04:59,5,65,0,70
2024-04-16T16:11:24,5,65,0,70
2024-04-16T16:17:49,5,65,0,70
2024-04-16T16:24:13,5,65,0,70
2024-04-16T16:30:48,5,65,0,70
2024-04-16T16:37:13,5,65,0,70
2024-04-16T16:43:38,5,65,0,70
2024-04-16T16:50:02,5,65,0,70
2024-04-16T16:56:26,5,65,0,70
2024-04-16T17:02:51,5,65,0,70
2024-04-16T17:09:16,5,65,0,70
2024-04-16T17:15:41,5,65,0,70
2024-04-16T17:22:06,5,65,0,70
2024-04-16T17:28:31,5,65,0,70
2024-04-16T17:34:56,5,65,0,70
2024-04-16T17:41:20,5,65,0,70
2024-04-16T17:47:45,5,65,0,70
2024-04-16T17:54:09,5,65,0,70
2024-04-16T18:00:34,5,65,0,70
2024-04-16T18:07:09,5,65,0,70
2024-04-16T18:13:34,5,65,0,70
2024-04-16T18:19:58,6,64,0,70
2024-04-16T18:26:23,6,64,0,70
2024-04-16T18:32:47,6,64,0,70
2024-04-16T18:39:12,6,64,0,70
2024-04-16T18:45:37,6,64,0,70
2024-04-16T18:52:01,6,64,0,70
2024-04-16T18:58:26,6,64,0,70
2024-04-16T19:04:51,6,64,0,70
2024-04-16T19:11:15,6,64,0,70
2024-04-16T19:17:40,6,64,0,70
2024-04-16T19:24:04,6,64,0,70
2024-04-16T19:30:28,6,64,0,70
2024-04-16T19:36:52,7,63,0,70
2024-04-16T19:43:16,7,63,0,70
2024-04-16T19:49:40,7,63,0,70
2024-04-16T19:56:04,8,62,0,70
2024-04-16T20:02:39,8,62,0,70
2024-04-16T20:09:04,8,62,0,70
2024-04-16T20:15:28,8,62,0,70
2024-04-16T20:21:53,8,62,0,70
2024-04-16T20:28:17,8,62,0,70
2024-04-16T20:34:41,8,62,0,70
2024-04-16T20:41:05,8,62,0,70
2024-04-16T20:47:29,10,60,0,70
2024-04-16T20:53:53,10,60,0,70
2024-04-16T21:00:18,11,59,0,70
2024-04-16T21:06:42,11,59,0,70
2024-04-16T21:13:06,11,59,0,70
2024-04-16T21:19:30,11,59,0,70
2024-04-16T21:25:56,11,59,0,70
2024-04-16T21:32:20,11,59,0,70
2024-04-16T21:38:45,11,59,0,70
2024-04-16T21:45:10,11,59,0,70
2024-04-16T21:51:46,11,59,0,70
2024-04-16T21:58:11,11,59,0,70
2024-04-16T22:04:37,11,59,0,70
2024-04-16T22:11:02,12,58,0,70
2024-04-16T22:17:26,12,58,0,70
2024-04-16T22:23:51,12,58,0,70
2024-04-16T22:30:15,12,58,0,70
2024-04-16T22:36:40,12,58,0,70
2024-04-16T22:43:05,12,58,0,70
2024-04-16T22:49:30,12,58,0,70
2024-04-16T22:55:54,12,58,0,70
2024-04-16T23:02:19,12,58,0,70
2024-04-16T23:08:44,12,58,0,70
2024-04-16T23:15:09,12,58,0,70
2024-04-16T23:21:34,12,58,0,70
2024-04-16T23:27:58,12,58,0,70
2024-04-16T23:34:23,12,58,0,70
2024-04-16T23:40:48,12,58,0,70
2024-04-16T23:47:12,12,58,0,70
2024-04-16T23:53:47,12,58,0,70
2024-04-17T00:00:12,12,58,0,70
2024-04-17T00:06:38,12,58,0,70
2024-04-17T00:13:03,12,58,0,70
2024-04-17T00:19:30,12,58,0,70
2024-04-17T00:25:56,12,58,0,70
2024-04-17T00:32:21,12,58,0,70
2024-04-17T00:38:48,12,58,0,70
2024-04-17T00:45:14,12,58,0,70
2024-04-17T00:51:40,12,58,0,70
2024-04-17T00:58:05,12,58,0,70
2024-04-17T01:04:30,12,58,0,70
2024-04-17T01:10:55,12,58,0,70
2024-04-17T01:17:19,12,58,0,70
2024-04-17T01:23:44,12,58,0,70
2024-04-17T01:30:09,12,58,0,70
2024-04-17T01:36:34,12,58,0,70
2024-04-17T01:42:59,12,58,0,70
2024-04-17T01:49:24,12,58,0,70
2024-04-17T01:55:49,12,58,0,70
2024-04-17T02:02:16,12,58,0,70
2024-04-17T02:08:41,12,58,0,70
2024-04-17T02:15:06,12,58,0,70
2024-04-17T02:21:31,12,58,0,70
2024-04-17T02:27:56,12,58,0,70
2024-04-17T02:34:21,12,58,0,70
2024-04-17T02:40:46,12,58,0,70
2024-04-17T02:47:11,12,58,0,70
2024-04-17T02:53:36,12,58,0,70
2024-04-17T03:00:00,12,58,0,70
2024-04-17T03:06:26,12,58,0,70
2024-04-17T03:12:52,12,58,0,70
2024-04-17T03:19:17,12,58,0,70
2024-04-17T03:25:43,12,58,0,70
2024-04-17T03:32:08,12,58,0,70
2024-04-17T03:38:43,12,58,0,70
2024-04-17T03:45:08,12,58,0,70
2024-04-17T03:51:32,12,58,0,70
2024-04-17T03:57:58,12,58,0,70
2024-04-17T04:04:23,12,58,0,70
2024-04-17T04:10:51,12,58,0,70
2024-04-17T12:05:18,14,56,0,70
2024-04-17T12:11:43,14,56,0,70
2024-04-17T12:18:08,14,56,0,70
2024-04-17T12:24:33,15,55,0,70
2024-04-17T12:30:57,15,55,0,70
2024-04-17T12:37:22,15,55,0,70
2024-04-17T12:43:47,15,55,0,70
2024-04-17T12:50:22,16,54,0,70
2024-04-17T12:56:47,16,54,0,70
2024-04-17T13:03:12,17,53,0,70
2024-04-17T13:09:37,17,53,0,70
2024-04-17T13:16:02,17,53,0,70
2024-04-17T13:22:27,17,53,0,70
2024-04-17T13:28:52,17,53,0,70
2024-04-17T13:35:16,17,53,0,70
2024-04-17T13:41:41,17,53,0,70
2024-04-17T13:48:06,17,53,0,70
2024-04-17T13:54:31,17,53,0,70
2024-04-17T14:00:55,17,53,0,70
2024-04-17T14:07:20,17,53,0,70
2024-04-17T14:13:45,18,52,0,70
2024-04-17T14:20:10,18,52,0,70
2024-04-17T14:26:47,18,52,0,70
2024-04-17T14:33:13,18,52,0,70
2024-04-17T14:39:38,18,52,0,70
2024-04-17T14:46:04,18,52,0,70
2024-04-17T14:52:30,18,52,0,70
2024-04-17T14:58:55,18,52,0,70
2024-04-17T15:05:21,18,52,0,70
2024-04-17T15:11:47,18,52,0,70
2024-04-17T15:18:13,18,52,0,70
2024-04-17T15:24:39,18,52,0,70
2024-04-17T15:31:05,18,52,0,70
2024-04-17T15:37:42,18,52,0,70
2024-04-17T15:44:08,18,52,0,70
2024-04-17T15:50:34,18,52,0,70
2024-04-17T15:56:59,18,52,0,70
2024-04-17T16:03:25,18,52,0,70
2024-04-17T16:09:50,18,52,0,70
2024-04-17T16:16:16,18,52,0,70
2024-04-17T16:22:42,19,51,0,70
2024-04-17T16:29:08,19,51,0,70
2024-04-17T16:35:33,19,51,0,70
2024-04-17T16:41:59,19,51,0,70
2024-04-17T16:48:25,19,51,0,70
2024-04-17T16:54:51,20,50,0,70
2024-04-17T17:01:28,20,50,0,70
2024-04-17T17:07:54,20,50,0,70
2024-04-17T17:14:20,20,50,0,70
2024-04-17T17:20:46,20,50,0,70
2024-04-17T17:27:12,20,50,0,70
2024-04-17T17:33:38,21,49,0,70
2024-04-17T17:40:03,21,49,0,70
2024-04-17T17:46:29,21,49,0,70
2024-04-17T17:52:55,21,49,0,70
2024-04-17T17:59:20,21,49,0,70
2024-04-17T18:05:47,21,49,0,70
2024-04-17T18:12:13,22,48,0,70
2024-04-17T18:18:38,22,48,0,70
2024-04-17T18:25:04,22,48,0,70
2024-04-17T18:31:30,22,48,0,70
2024-04-17T18:37:55,22,48,0,70
2024-04-17T18:44:32,23,47,0,70
2024-04-17T18:50:57,23,47,0,70
2024-04-17T18:57:23,23,47,0,70
2024-04-17T19:03:49,23,47,0,70
2024-04-17T19:10:15,23,47,0,70
2024-04-17T19:16:40,23,47,0,70
2024-04-17T19:23:06,23,47,0,70
2024-04-17T19:29:32,23,47,0,70
2024-04-17T19:35:57,23,47,0,70
2024-04-17T19:42:23,23,47,0,70
2024-04-17T19:48:48,23,47,0,70
2024-04-17T19:55:14,23,47,0,70
2024-04-17T20:01:40,23,47,0,70
2024-04-17T20:08:06,23,47,0,70
2024-04-17T20:14:31,23,47,0,70
2024-04-17T20:20:57,23,47,0,70
2024-04-17T20:27:23,23,47,0,70
2024-04-17T20:33:49,23,47,0,70
2024-04-17T20:40:14,23,47,0,70
2024-04-17T20:46:53,24,46,0,70
2024-04-17T20:53:19,24,46,0,70
2024-04-17T20:59:44,24,46,0,70
2024-04-17T21:06:10,24,46,0,70
2024-04-17T21:12:36,25,45,0,70
2024-04-17T21:19:06,25,45,0,70
2024-04-17T21:25:32,25,45,0,70
2024-04-17T21:31:58,25,45,0,70
2024-04-17T21:38:24,25,45,0,70
2024-04-17T21:44:50,25,45,0,70
2024-04-17T21:51:16,25,45,0,70
2024-04-17T21:57:42,25,45,0,70
2024-04-17T22:04:09,25,45,0,70
2024-04-17T22:10:34,25,45,0,70
2024-04-17T22:17:00,25,45,0,70
2024-04-17T22:23:26,25,45,0,70
2024-04-17T22:29:51,25,45,0,70
2024-04-17T22:36:17,25,45,0,70
2024-04-17T22:42:52,25,45,0,70
2024-04-17T22:49:18,25,45,0,70
2024-04-17T22:55:43,26,44,0,70
2024-04-17T23:02:10,26,44,0,70
2024-04-17T23:08:36,26,44,0,70
2024-04-17T23:15:02,27,43,0,70
2024-04-17T23:21:28,27,43,0,70
2024-04-17T23:27:54,27,43,0,70
2024-04-17T23:34:20,27,43,0,70
2024-04-17T23:40:46,27,43,0,70
2024-04-17T23:47:11,27,43,0,70
2024-04-17T23:53:37,27,43,0,70
2024-04-18T00:00:03,27,43,0,70
2024-04-18T00:06:30,27,43,0,70
2024-04-18T00:12:58,27,43,0,70
2024-04-18T00:19:25,27,43,0,70
2024-04-18T00:25:53,27,43,0,70
2024-04-18T00:32:19,27,43,0,70
2024-04-18T00:38:46,27,43,0,70
2024-04-18T00:45:13,27,43,0,70
2024-04-18T00:51:40,27,43,0,70
2024-04-18T00:58:06,27,43,0,70
2024-04-18T01:04:44,27,43,0,70
2024-04-18T01:11:10,27,43,0,70
2024-04-18T01:17:36,27,43,0,70
2024-04-18T01:24:03,27,43,0,70
2024-04-18T01:30:29,27,43,0,70
2024-04-18T01:36:55,27,43,0,70
2024-04-18T01:43:21,27,43,0,70
2024-04-18T01:49:47,27,43,0,70
2024-04-18T01:56:13,27,43,0,70
2024-04-18T02:02:39,27,43,0,70
2024-04-18T02:09:05,27,43,0,70
2024-04-18T02:15:31,27,43,0,70
2024-04-18T02:21:57,27,43,0,70
2024-04-18T02:28:23,27,43,0,70
2024-04-18T02:34:48,27,43,0,70
2024-04-18T02:41:14,27,43,0,70
2024-04-18T02:47:40,27,43,0,70
2024-04-18T02:54:06,27,43,0,70
2024-04-18T03:00:31,27,43,0,70
2024-04-18T03:06:58,27,43,0,70
2024-04-18T03:13:24,27,43,0,70
2024-04-18T03:19:51,27,43,0,70
2024-04-18T03:26:18,27,43,0,70
2024-04-18T03:32:46,27,43,0,70
2024-04-18T03:39:13,27,43,0,70
2024-04-18T03:45:39,28,42,0,70
2024-04-18T03:52:05,28,42,0,70
2024-04-18T03:58:31,28,42,0,70
2024-04-18T04:04:59,28,42,0,70
2024-04-18T04:11:26,28,42,0,70
2024-04-18T15:02:56,31,39,0,70
2024-04-18T15:09:22,31,39,0,70
2024-04-18T15:15:48,31,39,0,70
2024-04-18T15:22:24,31,39,0,70
2024-04-18T15:28:49,31,39,0,70
2024-04-18T15:35:15,32,38,0,70
2024-04-18T15:41:42,32,38,0,70
2024-04-18T15:48:08,32,38,0,70
2024-04-18T15:54:33,32,38,0,70
2024-04-18T16:01:00,32,38,0,70
2024-04-18T16:07:25,33,37,0,70
2024-04-18T16:13:51,33,37,0,70
2024-04-18T16:20:17,33,37,0,70
2024-04-18T16:26:42,33,37,0,70
2024-04-18T16:33:08,33,37,0,70
2024-04-18T16:39:34,33,37,0,70
2024-04-18T16:46:18,33,37,0,70
2024-04-18T16:52:45,33,37,0,70
2024-04-18T16:59:11,33,37,0,70
2024-04-18T17:05:38,33,37,0,70
2024-04-18T17:12:05,33,37,0,70
2024-04-18T17:18:32,33,37,0,70
2024-04-18T17:24:59,33,37,0,70
2024-04-18T17:31:26,33,37,0,70
2024-04-18T17:37:53,33,37,0,70
2024-04-18T17:44:20,33,37,0,70
2024-04-18T17:50:47,33,37,0,70
2024-04-18T17:57:14,33,37,0,70
2024-04-18T18:03:50,33,37,0,70
2024-04-18T18:10:17,33,37,0,70
2024-04-18T18:16:44,33,37,0,70
2024-04-18T18:23:10,33,37,0,70
2024-04-18T18:29:37,33,37,0,70
2024-04-18T18:36:04,33,37,0,70
2024-04-18T18:42:30,33,37,0,70
2024-04-18T18:48:57,33,37,0,70
2024-04-18T18:55:24,33,37,0,70
2024-04-18T19:01:50,33,37,0,70
2024-04-18T19:08:17,33,37,0,70
2024-04-18T19:14:44,33,37,0,70
2024-04-18T19:21:11,33,37,0,70
2024-04-18T19:27:37,33,37,0,70
2024-04-18T19:34:04,33,37,0,70
2024-04-18T19:40:30,33,37,0,70
2024-04-18T19:47:15,33,37,0,70
2024-04-18T19:53:42,33,37,0,70
2024-04-18T20:00:09,33,37,0,70
2024-04-18T20:06:35,33,37,0,70
2024-04-18T20:13:02,33,37,0,70
2024-04-18T20:19:29,33,37,0,70
2024-04-18T20:25:55,33,37,0,70
2024-04-18T20:32:22,33,37,0,70
2024-04-18T20:38:48,33,37,0,70
2024-04-18T20:45:15,33,37,0,70
2024-04-18T20:51:42,33,37,0,70
2024-04-18T20:58:08,33,37,0,70
2024-04-18T21:04:35,33,37,0,70
2024-04-18T21:11:02,32,38,0,70
2024-04-18T21:17:29,32,38,0,70
2024-04-18T21:23:56,32,38,0,70
2024-04-18T21:30:23,32,38,0,70
2024-04-18T21:36:50,32,38,0,70
2024-04-18T21:43:17,32,38,0,70
2024-04-18T21:49:44,32,38,0,70
2024-04-18T21:56:11,32,38,0,70
2024-04-18T22:02:37,32,38,0,70
2024-04-18T22:09:14,32,38,0,70
2024-04-18T22:15:41,32,38,0,70
2024-04-18T22:22:08,32,38,0,70
2024-04-18T22:28:35,32,38,0,70
2024-04-18T22:35:01,32,38,0,70
2024-04-18T22:41:28,32,38,0,70
2024-04-18T22:47:54,32,38,0,70
2024-04-18T22:54:20,32,38,0,70
2024-04-18T23:00:47,32,38,0,70
2024-04-18T23:07:14,32,38,0,70
2024-04-18T23:13:41,32,38,0,70
2024-04-18T23:20:08,32,38,0,70
2024-04-18T23:26:35,32,38,0,70
2024-04-18T23:33:01,32,38,0,70
2024-04-18T23:39:28,32,38,0,70
2024-04-18T23:45:54,32,38,0,70
2024-04-18T23:52:21,32,38,0,70
2024-04-18T23:58:47,32,38,0,70
2024-04-19T00:05:15,32,38,0,70
2024-04-19T00:11:42,32,38,0,70
2024-04-19T00:18:11,32,38,0,70
2024-04-19T00:24:39,32,38,0,70
2024-04-19T00:31:07,32,38,0,70
2024-04-19T00:37:35,32,38,0,70
2024-04-19T00:44:02,32,38,0,70
2024-04-19T00:50:30,32,38,0,70
2024-04-19T00:57:06,32,38,0,70
2024-04-19T01:03:33,32,38,0,70
2024-04-19T01:09:59,32,38,0,70
2024-04-19T01:16:26,32,38,0,70
2024-04-19T01:22:54,32,38,0,70
2024-04-19T01:29:21,32,38,0,70
2024-04-19T01:35:48,32,38,0,70
2024-04-19T01:42:15,32,38,0,70
2024-04-19T01:48:42,32,38,0,70
2024-04-19T01:55:09,32,38,0,70
2024-04-19T02:01:36,32,38,0,70
2024-04-19T02:08:03,32,38,0,70
2024-04-19T02:14:29,32,38,0,70
2024-04-19T02:20:56,32,38,0,70
2024-04-19T02:27:23,32,38,0,70
2024-04-19T02:33:49,32,38,0,70
2024-04-19T02:40:16,32,38,0,70
2024-04-19T02:46:43,32,38,0,70
2024-04-19T02:53:11,32,38,0,70
2024-04-19T02:59:37,32,38,0,70
2024-04-19T03:06:05,32,38,0,70
2024-04-19T03:12:33,32,38,0,70
2024-04-19T03:19:00,32,38,0,70
2024-04-19T03:25:27,32,38,0,70
2024-04-19T03:31:55,32,38,0,70
2024-04-19T03:38:22,32,38,0,70
2024-04-19T03:44:49,32,38,0,70
2024-04-19T03:51:16,32,38,0,70
2024-04-19T03:57:44,32,38,0,70
2024-04-19T04:04:11,32,38,0,70
2024-04-19T04:21:25,32,38,0,70
2024-04-19T04:27:53,32,38,0,70
2024-04-19T04:34:21,32,38,0,70
2024-04-19T04:40:49,32,38,0,70
2024-04-19T04:48:32,32,38,0,70
2024-04-19T04:55:17,32,38,0,70
2024-04-19T05:01:46,32,38,0,70
2024-04-19T05:08:19,32,38,0,70
2024-04-19T05:14:47,32,38,0,70
2024-04-19T05:21:15,32,38,0,70
2024-04-19T05:27:42,32,38,0,70
2024-04-19T05:34:10,32,38,0,70
2024-04-19T05:40:37,32,38,0,70
2024-04-19T05:47:05,32,38,0,70
2024-04-19T05:53:32,32,38,0,70
2024-04-19T06:00:00,32,38,0,70
2024-04-19T06:06:27,32,38,0,70
2024-04-19T06:12:54,32,38,0,70
2024-04-19T06:19:21,32,38,0,70
2024-04-19T06:25:48,32,38,0,70
2024-04-19T06:32:15,32,38,0,70
2024-04-19T06:38:42,32,38,0,70
2024-04-19T06:45:10,32,38,0,70
2024-04-19T06:51:37,32,38,0,70
2024-04-19T06:58:04,32,38,0,70
2024-04-19T07:04:32,32,38,0,70
2024-04-19T07:11:00,32,38,0,70
2024-04-19T07:17:28,32,38,0,70
2024-04-19T07:23:55,32,38,0,70
2024-04-19T07:30:22,32,38,0,70
2024-04-19T07:36:49,32,38,0,70
2024-04-19T07:43:16,32,38,0,70
2024-04-19T07:49:42,32,38,0,70
2024-04-19T07:56:10,32,38,0,70
2024-04-19T08:02:36,32,38,0,70
2024-04-19T08:09:04,32,38,0,70
2024-04-19T08:15:31,32,38,0,70
2024-04-19T08:22:02,32,38,0,70
2024-04-19T08:28:29,32,38,0,70
2024-04-19T08:35:07,32,38,0,70
2024-04-19T08:41:34,32,38,0,70
2024-04-19T08:48:01,32,38,0,70
2024-04-19T08:54:28,32,38,0,70
2024-04-19T09:00:55,32,38,0,70
2024-04-19T09:07:22,32,38,0,70
2024-04-19T09:13:49,32,38,0,70
2024-04-19T09:20:16,32,38,0,70
2024-04-19T09:26:44,32,38,0,70
2024-04-19T09:33:12,32,38,0,70
2024-04-19T09:39:39,32,38,0,70
2024-04-19T09:46:06,32,38,0,70
2024-04-19T09:52:33,32,38,0,70
2024-04-19T09:59:01,32,38,0,70
2024-04-19T10:05:29,32,38,0,70
2024-04-19T10:11:55,32,38,0,70
2024-04-19T10:18:22,32,38,0,70
2024-04-19T10:24:49,32,38,0,70
2024-04-19T10:31:16,32,38,0,70
2024-04-19T10:38:00,32,38,0,70
2024-04-19T10:44:27,32,38,0,70
2024-04-19T10:50:53,32,38,0,70
2024-04-19T10:57:20,32,38,0,70
2024-04-19T11:03:46,32,38,0,70
2024-04-19T11:10:13,32,38,0,70
2024-04-19T11:16:40,32,38,0,70
2024-04-19T11:23:06,32,38,0,70
2024-04-19T11:29:34,32,38,0,70
2024-04-19T11:36:00,32,38,0,70
2024-04-19T11:42:28,32,38,0,70
2024-04-19T11:48:54,32,38,0,70
2024-04-19T11:55:21,32,38,0,70
2024-04-19T12:01:48,32,38,0,70
2024-04-19T12:08:14,32,38,0,70
2024-04-19T12:14:40,32,38,0,70
2024-04-19T12:21:07,32,38,0,70
2024-04-19T12:27:34,32,38,0,70
2024-04-19T12:34:10,33,37,0,70
2024-04-19T12:40:36,33,37,0,70
2024-04-19T12:47:03,33,37,0,70
2024-04-19T12:53:29,33,37,0,70
2024-04-19T12:59:55,33,37,0,70
2024-04-19T13:06:22,33,37,0,70
2024-04-19T13:12:49,33,37,0,70
2024-04-19T13:19:15,33,37,0,70
2024-04-19T13:25:42,33,37,0,70
2024-04-19T13:32:08,33,37,0,70
2024-04-19T13:38:34,33,37,0,70
2024-04-19T13:45:01,33,37,0,70
2024-04-19T13:51:28,33,37,0,70
2024-04-19T13:57:54,33,37,0,70
2024-04-19T14:04:20,33,37,0,70
2024-04-19T14:10:46,33,37,0,70
2024-04-19T14:17:13,33,37,0,70
2024-04-19T14:23:48,33,37,0,70
2024-04-19T14:30:15,33,37,0,70
2024-04-19T14:36:41,33,37,0,70
2024-04-19T14:43:08,33,37,0,70
2024-04-19T14:49:34,33,37,0,70
2024-04-19T14:56:01,33,37,0,70
2024-04-19T15:02:28,33,37,0,70
2024-04-19T15:08:54,33,37,0,70
2024-04-19T15:15:21,33,37,0,70
2024-04-19T15:21:48,33,37,0,70
2024-04-19T15:28:14,33,37,0,70
2024-04-19T15:34:41,33,37,0,70
2024-04-19T15:41:07,33,37,0,70
2024-04-19T15:47:33,33,37,0,70
2024-04-19T15:54:00,33,37,0,70
2024-04-19T16:00:26,33,37,0,70
2024-04-19T16:06:53,33,37,0,70
2024-04-19T16:13:41,33,37,0,70
2024-04-19T16:20:07,33,37,0,70
2024-04-19T16:26:34,33,37,0,70
2024-04-19T16:33:00,33,37,0,70
2024-04-19T16:39:27,33,37,0,70
2024-04-19T16:45:54,33,37,0,70
2024-04-19T16:52:20,33,37,0,70
2024-04-19T16:58:46,33,37,0,70
2024-04-19T17:05:13,33,37,0,70
2024-04-19T17:11:39,33,37,0,70
2024-04-19T17:18:07,33,37,0,70
2024-04-19T17:24:34,33,37,0,70
2024-04-19T17:31:00,33,37,0,70
2024-04-19T17:37:27,33,37,0,70
2024-04-19T17:43:54,33,37,0,70
2024-04-19T17:50:20,33,37,0,70
2024-04-19T17:56:47,33,37,0,70
2024-04-19T18:03:13,33,37,0,70
2024-04-19T18:09:40,33,37,0,70
2024-04-19T18:16:07,33,37,0,70
2024-04-19T18:22:33,33,37,0,70
2024-04-19T18:29:00,33,37,0,70
2024-04-19T18:35:26,33,37,0,70
2024-04-19T18:41:53,33,37,0,70
2024-04-19T18:48:19,33,37,0,70
2024-04-19T18:54:55,33,37,0,70
2024-04-19T19:01:23,33,37,0,70
2024-04-19T19:07:50,33,37,0,70
2024-04-19T19:14:16,33,37,0,70
2024-04-19T19:20:43,33,37,0,70
2024-04-19T19:27:09,33,37,0,70
2024-04-19T19:33:36,33,37,0,70
2024-04-19T19:40:02,33,37,0,70
2024-04-19T19:46:29,33,37,0,70
2024-04-19T19:52:55,33,37,0,70
2024-04-19T19:59:22,33,37,0,70
2024-04-19T20:05:49,33,37,0,70
2024-04-19T20:12:16,33,37,0,70
2024-04-19T20:18:42,33,37,0,70
2024-04-19T20:25:08,33,37,0,70
2024-04-19T20:31:35,33,37,0,70
2024-04-19T20:38:01,33,37,0,70
2024-04-19T20:44:28,33,37,0,70
2024-04-19T20:50:54,33,37,0,70
2024-04-19T20:57:20,33,37,0,70
2024-04-19T21:03:47,33,37,0,70
2024-04-19T21:10:14,33,37,0,70
2024-04-19T21:16:40,33,37,0,70
2024-04-19T21:23:07,33,37,0,70
2024-04-19T21:29:33,33,37,0,70
2024-04-19T21:36:01,33,37,0,70
2024-04-19T21:42:44,33,37,0,70
2024-04-19T21:49:10,33,37,0,70
2024-04-19T21:55:37,33,37,0,70
2024-04-19T22:02:04,33,37,0,70
2024-04-19T22:08:30,33,37,0,70
2024-04-19T22:14:57,33,37,0,70
2024-04-19T22:21:23,33,37,0,70
2024-04-19T22:27:50,33,37,0,70
2024-04-19T22:34:16,33,37,0,70
2024-04-19T22:40:43,33,37,0,70
2024-04-19T22:47:10,33,37,0,70
2024-04-19T22:53:36,33,37,0,70
2024-04-19T23:00:03,33,37,0,70
2024-04-19T23:06:30,33,37,0,70
2024-04-19T23:12:56,33,37,0,70
2024-04-19T23:19:23,33,37,0,70
2024-04-19T23:25:50,33,37,0,70
2024-04-19T23:32:16,33,37,0,70
2024-04-19T23:38:43,33,37,0,70
2024-04-19T23:45:09,33,37,0,70
2024-04-19T23:51:36,33,37,0,70
2024-04-19T23:58:04,33,37,0,70
2024-04-20T00:04:31,33,37,0,70
2024-04-20T00:10:58,33,37,0,70
2024-04-20T00:17:26,33,37,0,70
2024-04-20T00:23:53,33,37,0,70
2024-04-20T00:30:20,33,37,0,70
2024-04-20T00:36:47,33,37,0,70
2024-04-20T00:43:14,33,37,0,70
2024-04-20T00:49:41,33,37,0,70
2024-04-20T00:56:08,33,37,0,70
2024-04-20T01:02:35,33,37,0,70
2024-04-20T01:09:10,33,37,0,70
2024-04-20T01:15:37,33,37,0,70
2024-04-20T01:22:04,33,37,0,70
2024-04-20T01:28:30,33,37,0,70
2024-04-20T01:34:57,33,37,0,70
2024-04-20T01:41:24,33,37,0,70
2024-04-20T01:47:51,33,37,0,70
2024-04-20T01:54:18,33,37,0,70
2024-04-20T02:00:45,33,37,0,70
2024-04-20T02:07:12,33,37,0,70
2024-04-20T02:13:38,33,37,0,70
2024-04-20T02:20:05,33,37,0,70
2024-04-20T02:26:32,33,37,0,70
2024-04-20T02:32:59,33,37,0,70
2024-04-20T02:39:26,33,37,0,70
2024-04-20T02:45:52,33,37,0,70
2024-04-20T02:52:18,33,37,0,70
2024-04-20T02:58:45,33,37,0,70
2024-04-20T03:05:11,33,37,0,70
2024-04-20T03:11:38,33,37,0,70
2024-04-20T03:18:04,33,37,0,70
2024-04-20T03:24:31,33,37,0,70
2024-04-20T03:30:59,33,37,0,70
2024-04-20T03:37:25,33,37,0,70
2024-04-20T03:43:52,33,37,0,70
2024-04-20T03:50:18,33,37,0,70
2024-04-20T03:56:46,33,37,0,70
2024-04-20T04:03:13,33,37,0,70
2024-04-20T04:09:59,33,37,0,70
2024-04-20T04:24:56,33,37,0,70
2024-04-20T04:31:25,33,37,0,70
2024-04-20T04:37:53,33,37,0,70
2024-04-20T04:45:29,33,37,0,70
2024-04-20T04:52:12,33,37,0,70
2024-04-20T04:58:41,33,37,0,70
2024-04-20T05:05:10,33,37,0,70
2024-04-20T05:11:52,33,37,0,70
2024-04-20T05:18:20,33,37,0,70
2024-04-20T05:24:48,33,37,0,70
2024-04-20T05:31:16,33,37,0,70
2024-04-20T05:37:43,33,37,0,70
2024-04-20T05:44:10,33,37,0,70
2024-04-20T05:50:38,33,37,0,70
2024-04-20T05:57:05,33,37,0,70
2024-04-20T06:03:32,33,37,0,70
2024-04-20T06:09:59,33,37,0,70
2024-04-20T06:16:26,33,37,0,70
2024-04-20T06:22:53,33,37,0,70
2024-04-20T06:29:21,33,37,0,70
2024-04-20T06:35:48,33,37,0,70
2024-04-20T06:42:15,33,37,0,70
2024-04-20T06:48:42,33,37,0,70
2024-04-20T06:55:08,33,37,0,70
2024-04-20T07:01:36,33,37,0,70
2024-04-20T07:08:02,33,37,0,70
2024-04-20T07:14:30,33,37,0,70
2024-04-20T07:20:58,33,37,0,70
2024-04-20T07:27:25,33,37,0,70
2024-04-20T07:33:52,33,37,0,70
2024-04-20T07:40:19,33,37,0,70
2024-04-20T07:46:46,33,37,0,70
2024-04-20T07:53:13,33,37,0,70
2024-04-20T07:59:40,33,37,0,70
2024-04-20T08:06:07,33,37,0,70
2024-04-20T08:12:34,33,37,0,70
2024-04-20T08:19:01,33,37,0,70
2024-04-20T08:25:28,33,37,0,70
2024-04-20T08:31:55,33,37,0,70
2024-04-20T08:38:22,33,37,0,70
2024-04-20T08:44:50,33,37,0,70
2024-04-20T08:51:17,33,37,0,70
2024-04-20T08:57:53,33,37,0,70
2024-04-20T09:04:19,33,37,0,70
2024-04-20T09:10:46,33,37,0,70
2024-04-20T09:17:13,33,37,0,70
2024-04-20T09:23:40,33,37,0,70
2024-04-20T09:30:07,33,37,0,70
2024-04-20T09:36:34,33,37,0,70
2024-04-20T09:43:01,33,37,0,70
2024-04-20T09:49:28,33,37,0,70
2024-04-20T09:55:54,33,37,0,70
2024-04-20T10:02:22,33,37,0,70
2024-04-20T10:08:48,33,37,0,70
2024-04-20T10:15:16,33,37,0,70
2024-04-20T10:21:43,33,37,0,70
2024-04-20T10:28:10,33,37,0,70
2024-04-20T10:34:36,33,37,0,70
2024-04-20T10:41:03,33,37,0,70
2024-04-20T10:47:30,33,37,0,70
2024-04-20T10:53:57,33,37,0,70
2024-04-20T11:00:24,33,37,0,70
2024-04-20T11:06:51,33,37,0,70
2024-04-20T11:13:18,33,37,0,70
2024-04-20T11:19:45,33,37,0,70
2024-04-20T11:26:11,33,37,0,70
2024-04-20T11:32:39,33,37,0,70
2024-04-20T11:39:06,33,37,0,70
2024-04-20T11:45:33,33,37,0,70
2024-04-20T11:52:00,33,37,0,70
2024-04-20T11:58:26,33,37,0,70
2024-04-20T12:04:54,33,37,0,70
2024-04-20T12:11:20,33,37,0,70
2024-04-20T12:17:48,33,37,0,70
2024-04-20T12:24:15,33,37,0,70
2024-04-20T12:30:41,33,37,0,70
2024-04-20T12:37:17,33,37,0,70
2024-04-20T12:43:44,33,37,0,70
2024-04-20T12:50:11,33,37,0,70
2024-04-20T12:56:37,33,37,0,70
2024-04-20T13:03:04,33,37,0,70
2024-04-20T13:09:31,33,37,0,70
2024-04-20T13:15:58,33,37,0,70
2024-04-20T13:22:25,33,37,0,70
2024-04-20T13:28:52,33,37,0,70
2024-04-20T13:35:18,33,37,0,70
2024-04-20T13:41:45,33,37,0,70
2024-04-20T13:48:12,33,37,0,70
2024-04-20T13:54:39,33,37,0,70
2024-04-20T14:01:05,33,37,0,70
2024-04-20T14:07:32,33,37,0,70
2024-04-20T14:14:00,33,37,0,70
2024-04-20T14:20:27,33,37,0,70
2024-04-20T14:26:54,33,37,0,70
2024-04-20T14:33:20,33,37,0,70
2024-04-20T14:39:47,33,37,0,70
2024-04-20T14:46:14,33,37,0,70
2024-04-20T14:52:40,33,37,0,70
2024-04-20T14:59:07,33,37,0,70
2024-04-20T15:05:34,33,37,0,70
2024-04-20T15:12:01,33,37,0,70
2024-04-20T15:18:27,33,37,0,70
2024-04-20T15:24:54,33,37,0,70
2024-04-20T15:31:21,33,37,0,70
2024-04-20T15:37:48,33,37,0,70
2024-04-20T15:44:15,33,37,0,70
2024-04-20T15:50:42,33,37,0,70
2024-04-20T15:57:09,33,37,0,70
2024-04-20T16:03:37,33,37,0,70
2024-04-20T16:10:04,33,37,0,70
2024-04-20T16:16:31,33,37,0,70
2024-04-20T16:22:57,33,37,0,70
2024-04-20T16:29:24,33,37,0,70
2024-04-20T16:35:51,33,37,0,70
2024-04-20T16:42:27,33,37,0,70
2024-04-20T16:48:54,33,37,0,70
2024-04-20T16:55:21,33,37,0,70
2024-04-20T17:01:48,33,37,0,70
2024-04-20T17:08:15,33,37,0,70
2024-04-20T17:14:42,33,37,0,70
2024-04-20T17:21:10,33,37,0,70
2024-04-20T17:27:38,33,37,0,70
2024-04-20T17:34:06,33,37,0,70
2024-04-20T17:40:33,33,37,0,70
2024-04-20T17:47:00,33,37,0,70
2024-04-20T17:53:29,33,37,0,70
2024-04-20T17:59:56,33,37,0,70
2024-04-20T18:06:23,33,37,0,70
2024-04-20T18:12:50,33,37,0,70
2024-04-20T18:19:17,33,37,0,70
2024-04-20T18:25:44,33,37,0,70
2024-04-20T18:32:11,33,37,0,70
2024-04-20T18:38:38,33,37,0,70
2024-04-20T18:45:05,33,37,0,70
2024-04-20T18:51:32,33,37,0,70
2024-04-20T18:57:59,33,37,0,70
2024-04-20T19:04:26,33,37,0,70
2024-04-20T19:10:53,33,37,0,70
2024-04-20T19:17:20,33,37,0,70
2024-04-20T19:23:47,33,37,0,70
2024-04-20T19:30:13,33,37,0,70
2024-04-20T19:36:40,33,37,0,70
2024-04-20T19:43:07,33,37,0,70
2024-04-20T19:49:34,33,37,0,70
2024-04-20T19:56:01,33,37,0,70
2024-04-20T20:02:28,33,37,0,70
2024-04-20T20:08:55,33,37,0,70
2024-04-20T20:15:22,33,37,0,70
2024-04-20T20:21:49,33,37,0,70
2024-04-20T20:28:16,33,37,0,70
2024-04-20T20:34:43,33,37,0,70
2024-04-20T20:41:10,33,37,0,70
2024-04-20T20:47:47,33,37,0,70
2024-04-20T20:54:14,33,37,0,70
2024-04-20T21:00:41,33,37,0,70
2024-04-20T21:07:08,33,37,0,70
2024-04-20T21:13:35,33,37,0,70
2024-04-20T21:20:02,33,37,0,70
2024-04-20T21:26:30,33,37,0,70
2024-04-20T21:32:57,33,37,0,70
2024-04-20T21:39:24,33,37,0,70
2024-04-20T21:45:51,33,37,0,70
2024-04-20T21:52:18,33,37,0,70
2024-04-20T21:58:46,33,37,0,70
2024-04-20T22:05:13,33,37,0,70
2024-04-20T22:11:40,33,37,0,70
2024-04-20T22:18:07,33,37,0,70
2024-04-20T22:24:34,33,37,0,70
2024-04-20T22:31:01,33,37,0,70
2024-04-20T22:37:28,33,37,0,70
2024-04-20T22:43:56,33,37,0,70
2024-04-20T22:50:23,33,37,0,70
2024-04-20T22:56:50,33,37,0,70
2024-04-20T23:03:17,33,37,0,70
2024-04-20T23:09:44,33,37,0,70
2024-04-20T23:16:11,33,37,0,70
2024-04-20T23:22:38,33,37,0,70
2024-04-20T23:29:05,33,37,0,70
2024-04-20T23:35:32,33,37,0,70
2024-04-20T23:41:59,33,37,0,70
2024-04-20T23:48:26,33,37,0,70
2024-04-20T23:54:53,33,37,0,70
2024-04-21T00:01:21,33,37,0,70
2024-04-21T00:07:48,33,37,0,70
2024-04-21T00:14:16,33,37,0,70
2024-04-21T00:20:43,33,37,0,70
2024-04-21T00:27:10,33,37,0,70
2024-04-21T00:33:37,33,37,0,70
2024-04-21T23:07:41,34,36,0,70
2024-04-21T23:14:08,34,36,0,70
2024-04-21T23:20:35,34,36,0,70
2024-04-21T23:27:02,34,36,0,70
2024-04-21T23:33:29,34,36,0,70
2024-04-21T23:39:56,34,36,0,70
2024-04-21T23:46:23,34,36,0,70
2024-04-21T23:52:50,34,36,0,70
2024-04-21T23:59:17,34,36,0,70
2024-04-22T00:05:45,34,36,0,70
2024-04-22T00:12:13,34,36,0,70
2024-04-22T00:18:41,34,36,0,70
2024-04-22T00:25:09,34,36,0,70
2024-04-22T00:31:37,34,36,0,70
2024-04-22T00:38:05,34,36,0,70
2024-04-22T00:44:32,34,36,0,70
2024-04-22T00:51:00,34,36,0,70
2024-04-22T00:57:27,34,36,0,70
2024-04-22T01:03:54,34,36,0,70
2024-04-22T01:10:22,34,36,0,70
2024-04-22T01:16:49,34,36,0,70
2024-04-22T01:23:16,34,36,0,70
2024-04-22T01:29:53,34,36,0,70
2024-04-22T01:36:20,34,36,0,70
2024-04-22T01:42:48,34,36,0,70
2024-04-22T01:49:15,34,36,0,70
2024-04-22T01:55:42,34,36,0,70
2024-04-22T02:02:09,34,36,0,70
2024-04-22T02:08:36,34,36,0,70
2024-04-22T02:15:03,34,36,0,70
2024-04-22T02:21:31,34,36,0,70
2024-04-22T02:28:07,34,36,0,70
2024-04-22T02:34:34,34,36,0,70
2024-04-22T02:41:01,34,36,0,70
2024-04-22T02:47:28,34,36,0,70
2024-04-22T02:53:55,34,36,0,70
2024-04-22T03:00:22,34,36,0,70
2024-04-22T03:06:49,34,36,0,70
2024-04-22T03:13:16,34,36,0,70
2024-04-22T03:19:43,34,36,0,70
2024-04-22T03:26:10,34,36,0,70
2024-04-22T03:32:37,34,36,0,70
2024-04-22T03:39:04,34,36,0,70
2024-04-22T03:45:31,34,36,0,70
2024-04-22T03:51:59,34,36,0,70
2024-04-22T03:58:26,34,36,0,70
2024-04-22T04:04:54,34,36,0,70
2024-04-22T13:47:27,34,36,0,70
2024-04-22T13:53:54,34,36,0,70
2024-04-22T14:00:20,34,36,0,70
2024-04-22T14:06:47,34,36,0,70
2024-04-22T14:13:14,34,36,0,70
2024-04-22T14:19:41,34,36,0,70
2024-04-22T14:26:07,34,36,0,70
2024-04-22T14:32:44,34,36,0,70
2024-04-22T14:39:16,34,36,0,70
2024-04-22T14:45:43,34,36,0,70
2024-04-22T14:52:10,34,36,0,70
2024-04-22T14:58:37,34,36,0,70
2024-04-22T15:05:05,34,36,0,70
2024-04-22T15:11:32,34,36,0,70
2024-04-22T15:17:58,34,36,0,70
2024-04-22T15:24:25,34,36,0,70
2024-04-22T15:30:52,34,36,0,70
2024-04-22T15:37:19,34,36,0,70
2024-04-22T15:43:55,34,36,0,70
2024-04-22T15:50:22,34,36,0,70
2024-04-22T15:56:49,34,36,0,70
2024-04-22T16:03:17,34,36,0,70
2024-04-22T16:09:44,34,36,0,70
2024-04-22T16:16:10,34,36,0,70
2024-04-22T16:22:38,34,36,0,70
2024-04-22T16:29:05,34,36,0,70
2024-04-22T16:35:32,34,36,0,70
2024-04-22T16:41:58,34,36,0,70
2024-04-22T16:48:25,34,36,0,70
2024-04-22T16:54:52,34,36,0,70
2024-04-22T17:01:19,34,36,0,70
2024-04-22T17:07:46,34,36,0,70
2024-04-22T17:14:14,34,36,0,70
2024-04-22T17:20:41,34,36,0,70
2024-04-22T17:27:19,34,36,0,70
2024-04-22T17:33:46,34,36,0,70
2024-04-22T17:40:12,34,36,0,70
2024-04-22T17:46:39,34,36,0,70
2024-04-22T17:53:05,34,36,0,70
2024-04-22T17:59:32,34,36,0,70
2024-04-22T18:05:59,34,36,0,70
2024-04-22T18:12:26,34,36,0,70
2024-04-22T18:18:53,34,36,0,70
2024-04-22T18:25:20,34,36,0,70
2024-04-22T18:31:47,34,36,0,70
2024-04-22T18:38:14,34,36,0,70
2024-04-22T18:44:40,34,36,0,70
2024-04-22T18:51:07,34,36,0,70
2024-04-22T18:57:34,34,36,0,70
2024-04-22T19:04:01,34,36,0,70
2024-04-22T19:10:29,34,36,0,70
2024-04-22T19:17:06,34,36,0,70
2024-04-22T19:23:33,34,36,0,70
2024-04-22T19:29:59,34,36,0,70
2024-04-22T19:36:26,34,36,0,70
2024-04-22T19:42:52,34,36,0,70
2024-04-22T19:49:19,34,36,0,70
2024-04-22T19:55:46,34,36,0,70
2024-04-22T20:02:13,34,36,0,70
2024-04-22T20:08:40,34,36,0,70
2024-04-22T20:15:06,34,36,0,70
2024-04-22T20:21:33,34,36,0,70
2024-04-22T20:28:00,34,36,0,70
2024-04-22T20:34:28,34,36,0,70
2024-04-22T20:40:55,34,36,0,70
2024-04-22T20:47:22,34,36,0,70
2024-04-22T20:53:49,34,36,0,70
2024-04-22T21:00:25,34,36,0,70
2024-04-22T21:06:52,34,36,0,70
2024-04-22T21:13:19,34,36,0,70
2024-04-22T21:19:46,34,36,0,70
2024-04-22T21:26:12,34,36,0,70
2024-04-22T21:32:39,34,36,0,70
2024-04-22T21:39:06,34,36,0,70
2024-04-22T21:45:33,34,36,0,70
2024-04-22T21:52:00,34,36,0,70
2024-04-22T21:58:30,34,36,0,70
2024-04-22T22:05:03,34,36,0,70
2024-04-22T22:11:30,34,36,0,70
2024-04-22T22:17:57,34,36,0,70
2024-04-22T22:24:24,34,36,0,70
2024-04-22T22:30:51,34,36,0,70
2024-04-22T22:37:18,34,36,0,70
2024-04-22T22:43:45,34,36,0,70
2024-04-22T22:50:12,34,36,0,70
2024-04-22T22:56:39,34,36,0,70
2024-04-22T23:03:06,34,36,0,70
2024-04-22T23:09:34,34,36,0,70
2024-04-22T23:16:19,34,36,0,70
2024-04-22T23:22:46,34,36,0,70
2024-04-22T23:29:13,34,36,0,70
2024-04-22T23:35:40,34,36,0,70
2024-04-22T23:42:06,34,36,0,70
2024-04-22T23:48:34,34,36,0,70
2024-04-22T23:55:01,34,36,0,70
2024-04-23T00:01:28,35,35,0,70
2024-04-23T00:07:56,35,35,0,70
2024-04-23T00:14:23,35,35,0,70
2024-04-23T00:20:53,35,35,0,70
2024-04-23T00:27:21,35,35,0,70
2024-04-23T00:33:49,35,35,0,70
2024-04-23T00:40:17,35,35,0,70
2024-04-23T00:46:47,35,35,0,70
2024-04-23T00:53:15,35,35,0,70
2024-04-23T00:59:43,35,35,0,70
2024-04-23T01:06:10,35,35,0,70
2024-04-23T01:12:38,35,35,0,70
2024-04-23T01:19:06,35,35,0,70
2024-04-23T01:25:33,35,35,0,70
2024-04-23T01:32:00,35,35,0,70
2024-04-23T01:38:27,35,35,0,70
2024-04-23T01:44:54,35,35,0,70
2024-04-23T01:51:21,35,35,0,70
2024-04-23T01:57:48,35,35,0,70
2024-04-23T02:04:16,35,35,0,70
2024-04-23T02:10:43,35,35,0,70
2024-04-23T02:17:12,35,35,0,70
2024-04-23T02:23:38,35,35,0,70
2024-04-23T02:30:05,35,35,0,70
2024-04-23T02:36:32,35,35,0,70
2024-04-23T02:42:59,35,35,0,70
2024-04-23T02:49:26,35,35,0,70
2024-04-23T02:55:54,35,35,0,70
2024-04-23T03:02:21,35,35,0,70
2024-04-23T03:08:48,35,35,0,70
2024-04-23T03:15:20,35,35,0,70
2024-04-23T03:21:47,35,35,0,70
2024-04-23T03:28:24,35,35,0,70
2024-04-23T03:34:50,35,35,0,70
2024-04-23T03:41:17,35,35,0,70
2024-04-23T03:47:44,35,35,0,70
2024-04-23T03:54:12,35,35,0,70
2024-04-23T04:00:40,35,35,0,70
2024-04-23T04:07:07,35,35,0,70
2024-04-24T00:30:38,37,33,0,70
2024-04-24T00:37:05,37,33,0,70
2024-04-24T00:43:34,37,33,0,70
2024-04-24T00:50:02,37,33,0,70
2024-04-24T00:56:30,37,33,0,70
2024-04-24T01:02:57,37,33,0,70
2024-04-24T01:09:24,37,33,0,70
2024-04-24T01:15:52,37,33,0,70
2024-04-24T01:22:19,37,33,0,70
2024-04-24T01:28:46,37,33,0,70
2024-04-24T01:35:13,37,33,0,70
2024-04-24T01:41:40,37,33,0,70
2024-04-24T01:48:07,37,33,0,70
2024-04-24T01:54:34,37,33,0,70
2024-04-24T02:01:02,37,33,0,70
2024-04-24T02:07:29,37,33,0,70
2024-04-24T02:13:56,37,33,0,70
2024-04-24T02:20:23,37,33,0,70
2024-04-24T02:26:49,37,33,0,70
2024-04-24T02:33:16,37,33,0,70
2024-04-24T02:39:44,37,33,0,70
2024-04-24T02:46:11,37,33,0,70
2024-04-24T02:52:37,37,33,0,70
2024-04-24T02:59:04,37,33,0,70
2024-04-24T03:05:31,37,33,0,70
2024-04-24T03:11:59,37,33,0,70
2024-04-24T03:18:35,37,33,0,70
2024-04-24T03:25:04,37,33,0,70
2024-04-24T03:31:32,37,33,0,70
2024-04-24T03:38:47,37,33,0,70
2024-04-24T03:45:15,37,33,0,70
2024-04-24T03:51:42,37,33,0,70
2024-04-24T03:58:09,37,33,0,70
2024-04-24T04:04:36,37,33,0,70
2024-04-24T04:11:03,37,33,0,70
2024-04-25T00:34:27,39,31,0,70
2024-04-25T00:40:58,39,31,0,70
2024-04-25T00:47:29,39,31,0,70
2024-04-25T00:54:00,39,31,0,70
2024-04-25T01:00:31,39,31,0,70
2024-04-25T01:07:02,39,31,0,70
2024-04-25T01:13:33,39,31,0,70
2024-04-25T01:20:03,39,31,0,70
2024-04-25T01:26:34,39,31,0,70
2024-04-25T01:33:05,39,31,0,70
2024-04-25T01:39:35,39,31,0,70
2024-04-25T01:46:06,39,31,0,70
2024-04-25T01:52:37,39,31,0,70
2024-04-25T01:59:08,39,31,0,70
2024-04-25T02:05:38,39,31,0,70
2024-04-25T02:12:09,39,31,0,70
2024-04-25T02:18:40,39,31,0,70
2024-04-25T02:25:10,39,31,0,70
2024-04-25T02:31:41,39,31,0,70
2024-04-25T02:38:12,39,31,0,70
2024-04-25T02:44:42,39,31,0,70
2024-04-25T02:51:13,39,31,0,70
2024-04-25T02:57:44,39,31,0,70
2024-04-25T03:04:15,39,31,0,70
2024-04-25T03:10:45,39,31,0,70
2024-04-25T03:17:16,39,31,0,70
2024-04-25T03:23:47,39,31,0,70
2024-04-25T03:30:18,39,31,0,70
2024-04-25T03:36:48,39,31,0,70
2024-04-25T03:43:19,39,31,0,70
2024-04-25T03:49:49,39,31,0,70
2024-04-25T03:56:20,39,31,0,70
2024-04-25T04:02:51,39,31,0,70
2024-04-25T04:22:12,39,31,0,70
2024-04-25T04:29:06,39,31,0,70
2024-04-25T04:35:49,39,31,0,70
2024-04-25T04:42:20,39,31,0,70
2024-04-25T04:48:51,39,31,0,70
2024-04-25T04:55:22,39,31,0,70
2024-04-25T05:01:53,39,31,0,70
2024-04-25T05:08:29,39,31,0,70
2024-04-25T05:15:00,39,31,0,70
2024-04-25T05:21:33,39,31,0,70
2024-04-25T05:28:04,39,31,0,70
2024-04-25T05:34:35,39,31,0,70
2024-04-25T05:41:05,39,31,0,70
2024-04-25T05:47:36,39,31,0,70
2024-04-25T05:54:09,39,31,0,70
2024-04-25T06:00:39,39,31,0,70
2024-04-25T06:07:11,39,31,0,70
2024-04-25T06:13:41,39,31,0,70
2024-04-25T06:20:12,39,31,0,70
2024-04-25T06:26:43,39,31,0,70
2024-04-25T06:33:14,39,31,0,70
2024-04-25T06:39:44,39,31,0,70
2024-04-25T06:46:15,39,31,0,70
2024-04-25T06:52:46,39,31,0,70
2024-04-25T06:59:17,39,31,0,70
2024-04-25T07:05:49,39,31,0,70
2024-04-25T07:12:19,39,31,0,70
2024-04-25T07:18:50,39,31,0,70
2024-04-25T07:25:21,39,31,0,70
2024-04-25T07:31:52,39,31,0,70
2024-04-25T07:38:23,39,31,0,70
2024-04-25T07:44:54,39,31,0,70
2024-04-25T07:51:24,39,31,0,70
2024-04-25T07:57:55,39,31,0,70
2024-04-25T08:04:25,39,31,0,70
2024-04-25T08:11:05,39,31,0,70
2024-04-25T08:17:35,39,31,0,70
2024-04-25T08:24:06,39,31,0,70
2024-04-25T08:30:37,39,31,0,70
2024-04-25T08:37:08,39,31,0,70
2024-04-25T08:43:39,39,31,0,70
2024-04-25T08:50:09,39,31,0,70
2024-04-25T08:56:51,39,31,0,70
2024-04-25T09:03:22,39,31,0,70
2024-04-25T09:09:52,39,31,0,70
2024-04-25T09:16:23,39,31,0,70
2024-04-25T09:22:54,39,31,0,70
2024-04-25T09:29:25,39,31,0,70
2024-04-25T09:35:55,39,31,0,70
2024-04-25T09:42:26,39,31,0,70
2024-04-25T09:48:56,39,31,0,70
2024-04-25T09:55:27,39,31,0,70
2024-04-25T10:01:58,39,31,0,70
2024-04-25T10:08:29,39,31,0,70
2024-04-25T10:15:00,39,31,0,70
2024-04-25T10:21:31,39,31,0,70
2024-04-25T10:28:01,39,31,0,70
2024-04-25T10:34:33,39,31,0,70
2024-04-25T10:41:04,39,31,0,70
2024-04-25T10:47:34,39,31,0,70
2024-04-25T10:54:05,39,31,0,70
2024-04-25T11:00:35,39,31,0,70
2024-04-25T11:07:06,39,31,0,70
2024-04-25T11:13:48,39,31,0,70
2024-04-25T11:20:18,39,31,0,70
2024-04-25T11:26:49,39,31,0,70
2024-04-25T11:33:19,39,31,0,70
2024-04-25T11:39:51,39,31,0,70
2024-04-25T11:46:21,39,31,0,70
2024-04-25T11:52:52,39,31,0,70
2024-04-25T11:59:22,39,31,0,70
2024-04-25T12:05:53,40,30,0,70
2024-04-25T12:12:25,40,30,0,70
2024-04-25T12:18:55,40,30,0,70
2024-04-25T12:25:26,40,30,0,70
2024-04-25T12:31:56,40,30,0,70
2024-04-25T12:38:27,40,30,0,70
2024-04-25T12:44:58,40,30,0,70
2024-04-25T12:51:28,40,30,0,70
2024-04-25T12:57:59,40,30,0,70
2024-04-25T13:04:30,40,30,0,70
2024-04-25T13:11:11,40,30,0,70
2024-04-25T13:17:42,40,30,0,70
2024-04-25T13:24:14,40,30,0,70
2024-04-25T13:30:45,40,30,0,70
2024-04-25T13:37:16,40,30,0,70
2024-04-25T13:43:46,40,30,0,70
2024-04-25T13:50:16,40,30,0,70
2024-04-25T13:56:47,40,30,0,70
2024-04-25T14:03:17,40,30,0,70
2024-04-25T14:09:48,40,30,0,70
2024-04-25T14:16:19,40,30,0,70
2024-04-25T14:22:49,40,30,0,70
2024-04-25T14:29:20,40,30,0,70
2024-04-25T14:35:51,40,30,0,70
2024-04-25T14:42:21,40,30,0,70
2024-04-25T14:48:52,40,30,0,70
2024-04-25T14:55:22,40,30,0,70
2024-04-25T15:01:53,40,30,0,70
2024-04-25T15:08:35,40,30,0,70
2024-04-25T15:15:06,41,29,0,70
2024-04-25T15:21:36,41,29,0,70
2024-04-25T15:28:07,41,29,0,70
2024-04-25T15:34:38,41,29,0,70
2024-04-25T15:41:08,41,29,0,70
2024-04-25T15:47:39,41,29,0,70
2024-04-25T15:54:09,41,29,0,70
2024-04-25T16:00:40,41,29,0,70
2024-04-25T16:07:10,41,29,0,70
2024-04-25T16:13:41,41,29,0,70
2024-04-25T16:20:11,41,29,0,70
2024-04-25T16:26:42,41,29,0,70
2024-04-25T16:33:13,41,29,0,70
2024-04-25T16:39:43,41,29,0,70
2024-04-25T16:46:14,41,29,0,70
2024-04-25T16:52:44,41,29,0,70
2024-04-25T16:59:15,41,29,0,70
2024-04-25T17:05:55,41,29,0,70
2024-04-25T17:12:26,41,29,0,70
2024-04-25T17:18:56,41,29,0,70
2024-04-25T17:25:27,41,29,0,70
2024-04-25T17:31:58,41,29,0,70
2024-04-25T17:38:29,41,29,0,70
2024-04-25T17:45:00,41,29,0,70
2024-04-25T17:51:30,41,29,0,70
2024-04-25T17:58:01,41,29,0,70
2024-04-25T18:04:31,41,29,0,70
2024-04-25T18:11:02,41,29,0,70
2024-04-25T18:17:32,41,29,0,70
2024-04-25T18:24:03,41,29,0,70
2024-04-25T18:30:33,41,29,0,70
2024-04-25T18:37:04,41,29,0,70
2024-04-25T18:43:35,41,29,0,70
2024-04-25T18:50:06,41,29,0,70
2024-04-25T18:56:37,41,29,0,70
2024-04-25T19:03:07,41,29,0,70
2024-04-25T19:09:38,41,29,0,70
2024-04-25T19:16:09,41,29,0,70
2024-04-25T19:22:39,42,28,0,70
2024-04-25T19:29:21,42,28,0,70
2024-04-25T19:35:51,42,28,0,70
2024-04-25T19:42:22,42,28,0,70
2024-04-25T19:48:52,42,28,0,70
2024-04-25T19:55:23,42,28,0,70
2024-04-25T20:02:05,42,28,0,70
2024-04-25T20:08:36,42,28,0,70
2024-04-25T20:15:06,42,28,0,70
2024-04-25T20:21:37,42,28,0,70
2024-04-25T20:28:07,42,28,0,70
2024-04-25T20:34:37,42,28,0,70
2024-04-25T20:41:09,42,28,0,70
2024-04-25T20:47:39,42,28,0,70
2024-04-25T20:54:10,42,28,0,70
2024-04-25T21:00:40,42,28,0,70
2024-04-25T21:07:11,42,28,0,70
2024-04-25T21:13:41,42,28,0,70
2024-04-25T21:20:12,42,28,0,70
2024-04-25T21:26:42,42,28,0,70
2024-04-25T21:33:13,42,28,0,70
2024-04-25T21:39:54,42,28,0,70
2024-04-25T21:46:25,42,28,0,70
2024-04-25T21:52:55,42,28,0,70
2024-04-25T21:59:26,42,28,0,70
2024-04-25T22:05:57,42,28,0,70
2024-04-25T22:12:27,42,28,0,70
2024-04-25T22:18:58,42,28,0,70
2024-04-25T22:25:29,42,28,0,70
2024-04-25T22:32:00,42,28,0,70
2024-04-25T22:38:30,42,28,0,70
2024-04-25T22:45:01,42,28,0,70
2024-04-25T22:51:33,42,28,0,70
2024-04-25T22:58:04,42,28,0,70
2024-04-25T23:04:35,42,28,0,70
2024-04-25T23:11:06,42,28,0,70
2024-04-25T23:17:36,42,28,0,70
2024-04-25T23:24:07,42,28,0,70
2024-04-25T23:30:38,42,28,0,70
2024-04-25T23:37:08,42,28,0,70
2024-04-25T23:43:39,42,28,0,70
2024-04-25T23:50:09,42,28,0,70
2024-04-25T23:56:40,42,28,0,70
2024-04-26T00:03:10,42,28,0,70
2024-04-26T00:09:41,42,28,0,70
2024-04-26T00:16:14,42,28,0,70
2024-04-26T00:22:45,42,28,0,70
2024-04-26T00:29:17,42,28,0,70
2024-04-26T00:35:58,42,28,0,70
2024-04-26T00:42:30,42,28,0,70
2024-04-26T00:49:03,42,28,0,70
2024-04-26T00:55:34,42,28,0,70
2024-04-26T01:02:06,42,28,0,70
2024-04-26T01:08:37,42,28,0,70
2024-04-26T01:15:08,42,28,0,70
2024-04-26T01:21:39,42,28,0,70
2024-04-26T01:28:09,42,28,0,70
2024-04-26T01:34:40,42,28,0,70
2024-04-26T01:41:11,42,28,0,70
2024-04-26T01:47:42,42,28,0,70
2024-04-26T01:54:13,42,28,0,70
2024-04-26T02:00:44,42,28,0,70
2024-04-26T02:07:15,42,28,0,70
2024-04-26T02:13:45,42,28,0,70
2024-04-26T02:20:16,42,28,0,70
2024-04-26T02:26:47,42,28,0,70
2024-04-26T02:33:17,42,28,0,70
2024-04-26T02:39:48,42,28,0,70
2024-04-26T02:46:19,42,28,0,70
2024-04-26T02:52:49,42,28,0,70
2024-04-26T02:59:20,42,28,0,70
2024-04-26T03:05:53,42,28,0,70
2024-04-26T03:12:27,42,28,0,70
2024-04-26T03:19:10,42,28,0,70
2024-04-26T03:25:41,42,28,0,70
2024-04-26T03:32:12,42,28,0,70
2024-04-26T03:38:43,42,28,0,70
2024-04-26T03:45:14,42,28,0,70
2024-04-26T03:51:45,42,28,0,70
2024-04-26T03:58:15,42,28,0,70
2024-04-26T04:04:46,42,28,0,70
2024-04-26T04:11:17,42,28,0,70
2024-04-27T00:28:18,44,26,0,70
2024-04-27T00:34:51,44,26,0,70
2024-04-27T00:41:25,44,26,0,70
2024-04-27T00:47:58,44,26,0,70
2024-04-27T00:54:30,44,26,0,70
2024-04-27T01:01:03,44,26,0,70
2024-04-27T01:07:35,44,26,0,70
2024-04-27T01:14:07,44,26,0,70
2024-04-27T01:20:39,44,26,0,70
2024-04-27T01:27:11,44,26,0,70
2024-04-27T01:33:43,44,26,0,70
2024-04-27T01:40:15,44,26,0,70
2024-04-27T01:46:47,44,26,0,70
2024-04-27T01:53:19,44,26,0,70
2024-04-27T01:59:51,44,26,0,70
2024-04-27T02:06:23,44,26,0,70
2024-04-27T02:12:55,44,26,0,70
2024-04-27T02:19:27,44,26,0,70
2024-04-27T02:25:59,44,26,0,70
2024-04-27T02:32:31,44,26,0,70
2024-04-27T02:39:03,44,26,0,70
2024-04-27T02:45:34,44,26,0,70
2024-04-27T02:52:06,44,26,0,70
2024-04-27T02:58:37,44,26,0,70
2024-04-27T03:05:09,44,26,0,70
2024-04-27T03:11:42,44,26,0,70
2024-04-27T03:18:13,44,26,0,70
2024-04-27T03:24:45,44,26,0,70
2024-04-27T03:31:17,44,26,0,70
2024-04-27T03:37:49,44,26,0,70
2024-04-27T03:44:21,44,26,0,70
2024-04-27T03:50:53,44,26,0,70
2024-04-27T03:57:25,44,26,0,70
2024-04-27T04:03:57,44,26,0,70
2024-04-27T04:24:16,44,26,0,70
2024-04-27T04:30:48,44,26,0,70
2024-04-27T04:37:20,44,26,0,70
2024-04-27T04:43:54,44,26,0,70
2024-04-27T04:51:45,44,26,0,70
2024-04-27T04:58:56,44,26,0,70
2024-04-27T05:05:28,44,26,0,70
2024-04-27T05:12:00,44,26,0,70
2024-04-27T05:18:33,44,26,0,70
2024-04-27T05:25:05,44,26,0,70
2024-04-27T05:31:37,44,26,0,70
2024-04-27T05:38:09,44,26,0,70
2024-04-27T05:44:41,44,26,0,70
2024-04-27T05:51:14,44,26,0,70
2024-04-27T05:57:46,44,26,0,70
2024-04-27T06:04:18,44,26,0,70
2024-04-27T06:10:50,44,26,0,70
2024-04-27T06:17:22,44,26,0,70
2024-04-27T06:23:54,44,26,0,70
2024-04-27T06:30:26,44,26,0,70
2024-04-27T06:36:58,44,26,0,70
2024-04-27T06:43:30,44,26,0,70
2024-04-27T06:50:02,44,26,0,70
2024-04-27T06:56:34,44,26,0,70
2024-04-27T07:03:06,44,26,0,70
2024-04-27T07:09:38,44,26,0,70
2024-04-27T07:16:10,44,26,0,70
2024-04-27T07:22:43,44,26,0,70
2024-04-27T07:29:15,44,26,0,70
2024-04-27T07:35:54,44,26,0,70
2024-04-27T07:42:26,44,26,0,70
2024-04-27T07:48:58,45,25,0,70
2024-04-27T07:55:30,45,25,0,70
2024-04-27T08:02:02,45,25,0,70
2024-04-27T08:08:34,45,25,0,70
2024-04-27T08:15:06,45,25,0,70
2024-04-27T08:21:38,45,25,0,70
2024-04-27T08:28:10,45,25,0,70
2024-04-27T08:34:42,45,25,0,70
2024-04-27T08:41:14,45,25,0,70
2024-04-27T08:47:46,45,25,0,70
2024-04-27T08:54:18,45,25,0,70
2024-04-27T09:00:50,45,25,0,70
2024-04-27T09:07:21,45,25,0,70
2024-04-27T09:13:53,45,25,0,70
2024-04-27T09:20:25,45,25,0,70
2024-04-27T09:26:57,45,25,0,70
2024-04-27T09:33:29,45,25,0,70
2024-04-27T09:40:01,45,25,0,70
2024-04-27T09:46:33,45,25,0,70
2024-04-27T09:53:05,45,25,0,70
2024-04-27T09:59:37,45,25,0,70
2024-04-27T10:06:09,45,25,0,70
2024-04-27T10:12:40,45,25,0,70
2024-04-27T10:19:12,45,25,0,70
2024-04-27T10:25:56,45,25,0,70
2024-04-27T10:32:27,45,25,0,70
2024-04-27T10:38:59,45,25,0,70
2024-04-27T10:45:31,45,25,0,70
2024-04-27T10:52:03,45,25,0,70
2024-04-27T10:58:35,45,25,0,70
2024-04-27T11:05:07,45,25,0,70
2024-04-27T11:11:39,45,25,0,70
2024-04-27T11:18:11,45,25,0,70
2024-04-27T11:24:43,45,25,0,70
2024-04-27T11:31:15,45,25,0,70
2024-04-27T11:37:47,45,25,0,70
2024-04-27T11:44:19,45,25,0,70
2024-04-27T11:50:50,45,25,0,70
2024-04-27T11:57:22,45,25,0,70
2024-04-27T12:03:54,45,25,0,70
2024-04-27T12:10:26,45,25,0,70
2024-04-27T12:16:57,45,25,0,70
2024-04-27T12:23:29,45,25,0,70
2024-04-27T12:30:00,45,25,0,70
2024-04-27T12:36:32,45,25,0,70
2024-04-27T12:43:04,45,25,0,70
2024-04-27T12:49:36,45,25,0,70
2024-04-27T12:56:07,45,25,0,70
2024-04-27T13:02:39,45,25,0,70
2024-04-27T13:09:27,45,25,0,70
2024-04-27T13:15:59,45,25,0,70
2024-04-27T13:22:31,45,25,0,70
2024-04-27T13:29:02,45,25,0,70
2024-04-27T13:35:34,45,25,0,70
2024-04-27T13:42:06,45,25,0,70
2024-04-27T13:48:37,45,25,0,70
2024-04-27T13:55:09,45,25,0,70
2024-04-27T14:01:41,45,25,0,70
2024-04-27T14:08:12,45,25,0,70
2024-04-27T14:14:44,45,25,0,70
2024-04-27T14:21:16,45,25,0,70
2024-04-27T14:27:48,45,25,0,70
2024-04-27T14:34:19,45,25,0,70
2024-04-27T14:40:51,45,25,0,70
2024-04-27T14:47:22,45,25,0,70
2024-04-27T14:53:54,45,25,0,70
2024-04-27T15:00:26,45,25,0,70
2024-04-27T15:06:57,45,25,0,70
2024-04-27T15:13:30,45,25,0,70
2024-04-27T15:20:02,45,25,0,70
2024-04-27T15:26:34,45,25,0,70
2024-04-27T15:33:06,45,25,0,70
2024-04-27T15:39:37,45,25,0,70
2024-04-27T15:46:09,45,25,0,70
2024-04-27T15:52:41,45,25,0,70
2024-04-27T15:59:12,45,25,0,70
2024-04-27T16:05:44,45,25,0,70
2024-04-27T16:12:16,45,25,0,70
2024-04-27T16:18:48,46,24,0,70
2024-04-27T16:25:19,46,24,0,70
2024-04-27T16:31:51,46,24,0,70
2024-04-27T16:38:23,46,24,0,70
2024-04-27T16:45:03,46,24,0,70
2024-04-27T16:51:35,46,24,0,70
2024-04-27T16:58:06,46,24,0,70
2024-04-27T17:04:38,46,24,0,70
2024-04-27T17:11:10,46,24,0,70
2024-04-27T17:17:42,46,24,0,70
2024-04-27T17:24:14,46,24,0,70
2024-04-27T17:30:45,46,24,0,70
2024-04-27T17:37:17,46,24,0,70
2024-04-27T17:43:49,46,24,0,70
2024-04-27T17:50:21,46,24,0,70
2024-04-27T17:56:52,46,24,0,70
2024-04-27T18:03:25,46,24,0,70
2024-04-27T18:09:57,46,24,0,70
2024-04-27T18:16:29,46,24,0,70
2024-04-27T18:23:00,46,24,0,70
2024-04-27T18:29:32,46,24,0,70
2024-04-27T18:36:03,47,23,0,70
2024-04-27T18:42:35,47,23,0,70
2024-04-27T18:49:07,47,23,0,70
2024-04-27T18:55:39,47,23,0,70
2024-04-27T19:02:11,47,23,0,70
2024-04-27T19:08:43,47,23,0,70
2024-04-27T19:15:14,47,23,0,70
2024-04-27T19:21:46,47,23,0,70
2024-04-27T19:28:18,47,23,0,70
2024-04-27T19:34:50,47,23,0,70
2024-04-27T19:41:21,47,23,0,70
2024-04-27T19:47:53,47,23,0,70
2024-04-27T19:54:24,47,23,0,70
2024-04-27T20:00:56,47,23,0,70
2024-04-27T20:07:28,47,23,0,70
2024-04-27T20:14:00,47,23,0,70
2024-04-27T20:20:49,47,23,0,70
2024-04-27T20:27:21,47,23,0,70
2024-04-27T20:33:53,47,23,0,70
2024-04-27T20:40:25,47,23,0,70
2024-04-27T20:46:57,47,23,0,70
2024-04-27T20:53:28,47,23,0,70
2024-04-27T21:00:00,47,23,0,70
2024-04-27T21:06:32,47,23,0,70
2024-04-27T21:13:04,47,23,0,70
2024-04-27T21:19:36,47,23,0,70
2024-04-27T21:26:08,47,23,0,70
2024-04-27T21:32:40,47,23,0,70
2024-04-27T21:39:12,47,23,0,70
2024-04-27T21:45:44,47,23,0,70
2024-04-27T21:52:15,47,23,0,70
2024-04-27T21:58:47,47,23,0,70
2024-04-27T22:05:19,47,23,0,70
2024-04-27T22:11:51,47,23,0,70
2024-04-27T22:18:23,47,23,0,70
2024-04-27T22:24:55,47,23,0,70
2024-04-27T22:31:26,47,23,0,70
2024-04-27T22:37:58,47,23,0,70
2024-04-27T22:44:29,47,23,0,70
2024-04-27T22:51:01,47,23,0,70
2024-04-27T22:57:32,47,23,0,70
2024-04-27T23:04:04,47,23,0,70
2024-04-27T23:10:36,47,23,0,70
2024-04-27T23:17:08,47,23,0,70
2024-04-27T23:23:40,47,23,0,70
2024-04-27T23:30:12,47,23,0,70
2024-04-27T23:36:43,47,23,0,70
2024-04-27T23:43:15,47,23,0,70
2024-04-27T23:50:02,47,23,0,70
2024-04-27T23:56:34,47,23,0,70
2024-04-28T00:03:07,47,23,0,70
2024-04-28T00:09:40,47,23,0,70
2024-04-28T00:16:12,47,23,0,70
2024-04-28T00:22:44,47,23,0,70
2024-04-28T00:29:16,47,23,0,70
2024-04-28T00:35:47,47,23,0,70
2024-04-28T00:42:19,47,23,0,70
2024-04-28T00:48:50,47,23,0,70
2024-04-28T00:55:22,47,23,0,70
2024-04-28T01:01:53,47,23,0,70
2024-04-28T01:08:25,47,23,0,70
2024-04-28T01:14:56,47,23,0,70
2024-04-28T01:21:27,47,23,0,70
2024-04-28T01:27:59,47,23,0,70
2024-04-28T01:34:30,47,23,0,70
2024-04-28T01:41:02,47,23,0,70
2024-04-28T01:47:33,47,23,0,70
2024-04-28T01:54:05,47,23,0,70
2024-04-28T02:00:36,47,23,0,70
2024-04-28T02:07:07,47,23,0,70
2024-04-28T02:13:39,47,23,0,70
2024-04-28T02:20:10,47,23,0,70
2024-04-28T02:26:42,47,23,0,70
2024-04-28T02:33:13,47,23,0,70
2024-04-28T02:39:45,47,23,0,70
2024-04-28T02:46:17,47,23,0,70
2024-04-28T02:52:49,47,23,0,70
2024-04-28T02:59:21,47,23,0,70
2024-04-28T03:05:53,47,23,0,70
2024-04-28T03:12:26,47,23,0,70
2024-04-28T03:18:57,47,23,0,70
2024-04-28T03:25:30,47,23,0,70
2024-04-28T03:32:02,47,23,0,70
2024-04-28T03:38:34,47,23,0,70
2024-04-28T03:45:07,47,23,0,70
2024-04-28T03:51:39,47,23,0,70
2024-04-28T03:58:11,47,23,0,70
2024-04-28T04:04:44,47,23,0,70
2024-04-28T22:23:40,47,23,0,70
2024-04-28T22:30:12,47,23,0,70
2024-04-28T22:36:44,47,23,0,70
2024-04-28T22:43:16,47,23,0,70
2024-04-28T22:49:47,47,23,0,70
2024-04-28T22:56:19,48,22,0,70
2024-04-28T23:02:50,48,22,0,70
2024-04-28T23:09:22,48,22,0,70
2024-04-28T23:15:54,48,22,0,70
2024-04-28T23:22:26,48,22,0,70
2024-04-28T23:28:58,48,22,0,70
2024-04-28T23:35:31,48,22,0,70
2024-04-28T23:42:03,48,22,0,70
2024-04-28T23:48:34,48,22,0,70
2024-04-28T23:55:06,48,22,0,70
2024-04-29T00:01:38,48,22,0,70
2024-04-29T00:08:11,48,22,0,70
2024-04-29T00:14:43,48,22,0,70
2024-04-29T00:21:15,48,22,0,70
2024-04-29T00:27:47,48,22,0,70
2024-04-29T00:34:20,48,22,0,70
2024-04-29T00:40:52,48,22,0,70
2024-04-29T00:47:25,48,22,0,70
2024-04-29T00:53:57,48,22,0,70
2024-04-29T01:00:30,48,22,0,70
2024-04-29T01:07:03,48,22,0,70
2024-04-29T01:13:35,48,22,0,70
2024-05-01T14:51:32,54,16,0,70
2024-05-01T14:58:04,54,16,0,70
2024-05-01T15:04:36,54,16,0,70
2024-05-01T15:11:08,54,16,0,70
2024-05-01T15:17:43,54,16,0,70
2024-05-01T15:24:14,54,16,0,70
2024-05-01T15:30:46,54,16,0,70
2024-05-01T15:37:18,54,16,0,70
2024-05-01T15:44:02,54,16,0,70
2024-05-01T15:50:34,54,16,0,70
2024-05-01T15:57:06,54,16,0,70
2024-05-01T16:03:37,54,16,0,70
2024-05-01T16:10:09,54,16,0,70
2024-05-01T16:16:41,54,16,0,70
2024-05-01T16:23:12,54,16,0,70
2024-05-01T16:29:44,54,16,0,70
2024-05-01T16:36:16,54,16,0,70
2024-05-01T16:42:47,54,16,0,70
2024-05-01T16:49:19,54,16,0,70
2024-05-01T16:55:51,54,16,0,70
2024-05-01T17:02:23,54,16,0,70
2024-05-01T17:08:55,54,16,0,70
2024-05-01T17:15:28,54,16,0,70
2024-05-01T17:22:00,54,16,0,70
2024-05-01T17:28:42,54,16,0,70
2024-05-01T17:35:14,54,16,0,70
2024-05-01T17:41:47,54,16,0,70
2024-05-01T17:48:18,54,16,0,70
2024-05-01T17:54:50,54,16,0,70
2024-05-01T18:01:21,54,16,0,70
2024-05-01T18:07:53,54,16,0,70
2024-05-01T18:14:24,54,16,0,70
2024-05-01T18:20:56,54,16,0,70
2024-05-01T18:27:27,54,16,0,70
2024-05-01T18:33:59,54,16,0,70
2024-05-01T18:40:31,54,16,0,70
2024-05-01T18:47:02,54,16,0,70
2024-05-01T18:53:34,54,16,0,70
2024-05-01T19:00:06,54,16,0,70
2024-05-01T19:06:38,54,16,0,70
2024-05-01T19:13:10,54,16,0,70
2024-05-01T19:19:41,54,16,0,70
2024-05-01T19:26:14,54,16,0,70
2024-05-01T19:32:54,54,16,0,70
2024-05-01T19:39:26,54,16,0,70
2024-05-01T19:45:58,54,16,0,70
2024-05-01T19:52:29,54,16,0,70
2024-05-01T19:59:01,54,16,0,70
2024-05-01T20:05:33,54,16,0,70
2024-05-01T20:12:05,54,16,0,70
2024-05-01T20:18:37,54,16,0,70
2024-05-01T20:25:08,54,16,0,70
2024-05-01T20:31:41,54,16,0,70
2024-05-01T20:38:12,54,16,0,70
2024-05-01T20:44:44,54,16,0,70
2024-05-01T20:51:16,54,16,0,70
2024-05-01T20:57:54,54,16,0,70
2024-05-01T21:04:25,54,16,0,70
2024-05-01T21:10:58,54,16,0,70
2024-05-01T21:17:31,54,16,0,70
2024-05-01T21:24:03,54,16,0,70
2024-05-01T21:30:35,54,16,0,70
2024-05-01T21:37:08,54,16,0,70
2024-05-01T21:43:48,54,16,0,70
2024-05-01T21:50:20,54,16,0,70
2024-05-01T21:56:52,54,16,0,70
2024-05-01T22:03:24,54,16,0,70
2024-05-01T22:09:55,54,16,0,70
2024-05-01T22:16:27,54,16,0,70
2024-05-01T22:22:58,54,16,0,70
2024-05-01T22:29:30,54,16,0,70
2024-05-01T22:36:02,54,16,0,70
2024-05-01T22:42:35,54,16,0,70
2024-05-01T22:49:07,54,16,0,70
2024-05-01T22:55:38,54,16,0,70
2024-05-01T23:02:10,54,16,0,70
2024-05-01T23:08:42,54,16,0,70
2024-05-01T23:15:14,54,16,0,70
2024-05-01T23:21:47,54,16,0,70
2024-05-01T23:28:19,54,16,0,70
2024-05-01T23:34:51,54,16,0,70
2024-05-01T23:41:22,54,16,0,70
2024-05-01T23:47:54,54,16,0,70
2024-05-01T23:54:26,54,16,0,70
2024-05-02T00:00:58,54,16,0,70
2024-05-02T00:07:30,54,16,0,70
2024-05-02T00:14:13,54,16,0,70
2024-05-02T00:20:46,54,16,0,70
2024-05-02T00:27:19,54,16,0,70
2024-05-02T00:33:51,54,16,0,70
2024-05-02T00:40:24,54,16,0,70
2024-05-02T00:46:57,54,16,0,70
2024-05-02T00:53:30,54,16,0,70
2024-05-02T01:00:02,54,16,0,70
2024-05-02T01:06:35,54,16,0,70
2024-05-02T01:13:07,54,16,0,70
2024-05-02T01:19:39,54,16,0,70
2024-05-02T01:26:11,54,16,0,70
2024-05-02T01:32:44,54,16,0,70
2024-05-02T01:39:16,54,16,0,70
2024-05-02T01:45:48,54,16,0,70
2024-05-02T01:52:21,54,16,0,70
2024-05-02T01:58:52,54,16,0,70
2024-05-02T02:05:25,54,16,0,70
2024-05-02T02:11:56,54,16,0,70
2024-05-02T02:18:28,54,16,0,70
2024-05-02T02:25:00,54,16,0,70
2024-05-02T02:31:32,54,16,0,70
2024-05-02T02:38:04,54,16,0,70
2024-05-02T02:44:36,54,16,0,70
2024-05-02T02:51:08,54,16,0,70
2024-05-02T02:57:39,54,16,0,70
2024-05-02T03:04:12,54,16,0,70
2024-05-02T03:10:45,54,16,0,70
2024-05-02T03:17:16,54,16,0,70
2024-05-02T03:23:48,54,16,0,70
2024-05-02T03:30:20,54,16,0,70
2024-05-02T03:36:51,54,16,0,70
2024-05-02T03:43:23,54,16,0,70
2024-05-02T03:49:56,54,16,0,70
2024-05-02T03:56:29,54,16,0,70
2024-05-02T04:03:01,54,16,0,70
2024-05-02T04:09:44,54,16,0,70
2024-05-02T04:16:16,54,16,0,70
2024-05-02T04:30:39,54,16,0,70
2024-05-02T04:37:11,54,16,0,70
2024-05-02T04:44:54,54,16,0,70
2024-05-02T04:51:26,54,16,0,70
2024-05-02T04:58:13,54,16,0,70
2024-05-02T05:04:45,54,16,0,70
2024-05-02T05:11:17,54,16,0,70
2024-05-02T05:17:48,54,16,0,70
2024-05-02T05:24:20,54,16,0,70
2024-05-02T05:30:51,54,16,0,70
2024-05-02T05:37:23,54,16,0,70
2024-05-02T05:43:54,54,16,0,70
2024-05-02T05:50:25,54,16,0,70
2024-05-02T05:56:57,54,16,0,70
2024-05-02T06:03:29,54,16,0,70
2024-05-02T06:10:00,54,16,0,70
2024-05-02T06:16:35,54,16,0,70
2024-05-02T06:23:08,54,16,0,70
2024-05-02T06:29:39,54,16,0,70
2024-05-02T06:36:11,54,16,0,70
2024-05-02T06:42:43,54,16,0,70
2024-05-02T06:49:14,54,16,0,70
2024-05-02T06:55:46,54,16,0,70
2024-05-02T07:02:18,54,16,0,70
2024-05-02T07:08:52,54,16,0,70
2024-05-02T07:15:26,54,16,0,70
2024-05-02T07:21:58,54,16,0,70
2024-05-02T07:28:30,54,16,0,70
2024-05-02T07:35:02,54,16,0,70
2024-05-02T07:41:34,54,16,0,70
2024-05-02T07:48:06,54,16,0,70
2024-05-02T07:54:37,54,16,0,70
2024-05-02T08:01:09,54,16,0,70
2024-05-02T08:07:41,54,16,0,70
2024-05-02T08:14:13,54,16,0,70
2024-05-02T08:21:01,54,16,0,70
2024-05-02T08:27:32,54,16,0,70
2024-05-02T08:34:04,54,16,0,70
2024-05-02T08:40:36,54,16,0,70
2024-05-02T08:47:07,54,16,0,70
2024-05-02T08:53:39,54,16,0,70
2024-05-02T09:00:11,54,16,0,70
2024-05-02T09:06:42,54,16,0,70
2024-05-02T09:13:14,54,16,0,70
2024-05-02T09:19:46,54,16,0,70
2024-05-02T09:26:17,54,16,0,70
2024-05-02T09:32:49,54,16,0,70
2024-05-02T09:39:20,54,16,0,70
2024-05-02T09:45:52,54,16,0,70
2024-05-02T09:52:24,54,16,0,70
2024-05-02T09:58:57,54,16,0,70
2024-05-02T10:05:28,54,16,0,70
2024-05-02T10:12:01,54,16,0,70
2024-05-02T10:18:33,54,16,0,70
2024-05-02T10:25:04,54,16,0,70
2024-05-02T10:31:36,54,16,0,70
2024-05-02T10:38:07,54,16,0,70
2024-05-02T10:44:39,54,16,0,70
2024-05-02T10:51:10,54,16,0,70
2024-05-02T10:57:54,54,16,0,70
2024-05-02T11:04:25,54,16,0,70
2024-05-02T11:10:57,54,16,0,70
2024-05-02T11:17:29,54,16,0,70
2024-05-02T11:24:00,54,16,0,70
2024-05-02T11:30:32,54,16,0,70
2024-05-02T11:37:03,54,16,0,70
2024-05-02T11:43:35,54,16,0,70
2024-05-02T11:50:06,54,16,0,70
2024-05-02T11:56:37,54,16,0,70
2024-05-02T12:03:09,54,16,0,70
2024-05-02T12:09:40,54,16,0,70
2024-05-02T12:16:13,54,16,0,70
2024-05-02T12:22:54,54,16,0,70
2024-05-02T12:29:26,54,16,0,70
2024-05-02T12:35:57,54,16,0,70
2024-05-02T12:42:29,54,16,0,70
2024-05-02T12:49:02,54,16,0,70
2024-05-02T12:55:34,54,16,0,70
2024-05-02T13:02:05,54,16,0,70
2024-05-02T13:08:37,54,16,0,70
2024-05-02T13:15:08,54,16,0,70
2024-05-02T13:21:39,54,16,0,70
2024-05-02T13:28:11,54,16,0,70
2024-05-02T13:34:42,54,16,0,70
2024-05-02T13:41:14,54,16,0,70
2024-05-02T13:47:45,54,16,0,70
2024-05-02T13:54:16,54,16,0,70
2024-05-02T14:00:58,54,16,0,70
2024-05-02T14:07:30,54,16,0,70
2024-05-02T14:14:01,54,16,0,70
2024-05-02T14:20:32,54,16,0,70
2024-05-02T14:27:04,54,16,0,70
2024-05-02T14:33:35,54,16,0,70
2024-05-02T14:40:07,54,16,0,70
2024-05-02T14:46:38,54,16,0,70
2024-05-02T14:53:10,54,16,0,70
2024-05-02T14:59:41,54,16,0,70
2024-05-02T15:06:13,54,16,0,70
2024-05-02T15:12:45,54,16,0,70
2024-05-02T15:19:16,54,16,0,70
2024-05-02T15:25:58,54,16,0,70
2024-05-02T15:32:31,54,16,0,70
2024-05-02T15:39:02,54,16,0,70
2024-05-02T15:45:33,54,16,0,70
2024-05-02T15:52:05,54,16,0,70
2024-05-02T15:58:36,54,16,0,70
2024-05-02T16:05:07,54,16,0,70
2024-05-02T16:11:39,54,16,0,70
2024-05-02T16:18:10,54,16,0,70
2024-05-02T16:24:42,54,16,0,70
2024-05-02T16:31:13,54,16,0,70
2024-05-02T16:37:45,54,16,0,70
2024-05-02T16:44:16,54,16,0,70
2024-05-02T16:50:47,54,16,0,70
2024-05-02T16:57:19,54,16,0,70
2024-05-02T17:03:50,54,16,0,70
2024-05-02T17:10:39,54,16,0,70
2024-05-02T17:17:11,54,16,0,70
2024-05-02T17:23:42,54,16,0,70
2024-05-02T17:30:13,54,16,0,70
2024-05-02T17:36:45,54,16,0,70
2024-05-02T17:43:16,54,16,0,70
2024-05-02T17:49:48,54,16,0,70
2024-05-02T17:56:19,54,16,0,70
2024-05-02T18:02:51,54,16,0,70
2024-05-02T18:09:22,54,16,0,70
2024-05-02T18:15:53,54,16,0,70
2024-05-02T18:22:25,54,16,0,70
2024-05-02T18:28:56,54,16,0,70
2024-05-02T18:35:28,54,16,0,70
2024-05-02T18:41:59,54,16,0,70
2024-05-02T18:48:31,54,16,0,70
2024-05-02T18:55:02,54,16,0,70
2024-05-02T19:01:34,54,16,0,70
2024-05-02T19:08:05,54,16,0,70
2024-05-02T19:14:37,54,16,0,70
2024-05-02T19:21:08,54,16,0,70
2024-05-02T19:27:49,54,16,0,70
2024-05-02T19:34:20,54,16,0,70
2024-05-02T19:40:51,54,16,0,70
2024-05-02T19:47:25,54,16,0,70
2024-05-02T19:53:56,54,16,0,70
2024-05-02T20:00:28,54,16,0,70
2024-05-02T20:07:00,54,16,0,70
2024-05-02T20:13:31,54,16,0,70
2024-05-02T20:20:02,54,16,0,70
2024-05-02T20:26:36,54,16,0,70
2024-05-02T20:33:08,54,16,0,70
2024-05-02T20:39:39,54,16,0,70
2024-05-02T20:46:10,54,16,0,70
2024-05-02T20:52:41,54,16,0,70
2024-05-02T20:59:12,54,16,0,70
2024-05-02T21:05:44,54,16,0,70
2024-05-02T21:12:15,54,16,0,70
2024-05-02T21:18:47,54,16,0,70
2024-05-02T21:25:18,54,16,0,70
2024-05-02T21:31:49,54,16,0,70
2024-05-02T21:38:21,54,16,0,70
2024-05-02T21:44:52,54,16,0,70
2024-05-02T21:51:40,54,16,0,70
2024-05-02T21:58:12,54,16,0,70
2024-05-02T22:04:43,54,16,0,70
2024-05-02T22:11:14,54,16,0,70
2024-05-02T22:17:45,54,16,0,70
2024-05-02T22:24:16,54,16,0,70
2024-05-02T22:30:47,54,16,0,70
2024-05-02T22:37:19,54,16,0,70
2024-05-02T22:43:50,54,16,0,70
2024-05-02T22:50:21,54,16,0,70
2024-05-02T22:56:53,54,16,0,70
2024-05-02T23:03:25,54,16,0,70
2024-05-02T23:09:57,54,16,0,70
2024-05-02T23:16:28,54,16,0,70
2024-05-02T23:23:00,54,16,0,70
2024-05-02T23:29:32,54,16,0,70
2024-05-02T23:36:04,54,16,0,70
2024-05-02T23:42:35,54,16,0,70
2024-05-02T23:49:07,54,16,0,70
2024-05-02T23:55:39,54,16,0,70
2024-05-03T00:02:21,54,16,0,70
2024-05-03T00:08:53,54,16,0,70
2024-05-03T00:15:26,54,16,0,70
2024-05-03T00:21:59,54,16,0,70
2024-05-03T00:28:31,54,16,0,70
2024-05-03T00:35:03,54,16,0,70
2024-05-03T00:41:36,54,16,0,70
2024-05-03T00:48:08,54,16,0,70
2024-05-03T00:54:40,54,16,0,70
2024-05-03T01:01:12,54,16,0,70
2024-05-03T01:07:44,53,17,0,70
2024-05-03T01:14:17,53,17,0,70
2024-05-03T01:20:50,53,17,0,70
2024-05-03T01:27:22,53,17,0,70
2024-05-03T01:33:54,53,17,0,70
2024-05-03T01:40:26,53,17,0,70
2024-05-03T01:46:59,53,17,0,70
2024-05-03T01:53:31,53,17,0,70
2024-05-03T02:00:03,53,17,0,70
2024-05-03T02:06:34,53,17,0,70
2024-05-03T02:13:06,53,17,0,70
2024-05-03T02:19:38,53,17,0,70
2024-05-03T02:26:09,53,17,0,70
2024-05-03T02:32:41,53,17,0,70
2024-05-03T02:39:12,53,17,0,70
2024-05-03T02:45:44,53,17,0,70
2024-05-03T02:52:15,53,17,0,70
2024-05-03T02:58:47,53,17,0,70
2024-05-03T03:05:19,53,17,0,70
2024-05-03T03:11:51,53,17,0,70
2024-05-03T03:18:22,53,17,0,70
2024-05-03T03:24:55,53,17,0,70
2024-05-03T03:31:45,53,17,0,70
2024-05-03T03:38:30,53,17,0,70
2024-05-03T03:45:01,53,17,0,70
2024-05-03T03:51:33,53,17,0,70
2024-05-03T03:58:04,53,17,0,70
2024-05-03T04:04:36,53,17,0,70
2024-05-03T04:25:07,53,17,0,70
2024-05-03T04:32:01,53,17,0,70
2024-05-03T04:38:33,53,17,0,70
2024-05-03T04:45:04,53,17,0,70
2024-05-03T04:51:36,53,17,0,70
2024-05-03T04:58:08,53,17,0,70
2024-05-03T05:04:39,53,17,0,70
2024-05-03T05:11:11,53,17,0,70
2024-05-03T05:17:44,53,17,0,70
2024-05-03T05:25:57,53,17,0,70
2024-05-03T05:32:29,53,17,0,70
2024-05-03T05:39:02,53,17,0,70
2024-05-03T05:45:34,53,17,0,70
2024-05-03T05:52:05,53,17,0,70
2024-05-03T05:58:37,53,17,0,70
2024-05-03T06:05:08,53,17,0,70
2024-05-03T06:11:40,53,17,0,70
2024-05-03T06:18:14,53,17,0,70
2024-05-03T06:24:45,53,17,0,70
2024-05-03T06:31:18,53,17,0,70
2024-05-03T06:37:50,53,17,0,70
2024-05-03T06:44:21,53,17,0,70
2024-05-03T06:50:53,53,17,0,70
2024-05-03T06:57:24,53,17,0,70
2024-05-03T07:03:56,53,17,0,70
2024-05-03T07:10:28,53,17,0,70
2024-05-03T07:17:00,53,17,0,70
2024-05-03T07:23:32,53,17,0,70
2024-05-03T07:30:03,53,17,0,70
2024-05-03T07:36:34,53,17,0,70
2024-05-03T07:43:06,53,17,0,70
2024-05-03T07:49:48,53,17,0,70
2024-05-03T07:56:19,53,17,0,70
2024-05-03T08:02:51,53,17,0,70
2024-05-03T08:09:22,53,17,0,70
2024-05-03T08:15:53,53,17,0,70
2024-05-03T08:22:25,53,17,0,70
2024-05-03T08:28:57,53,17,0,70
2024-05-03T08:35:28,53,17,0,70
2024-05-03T08:42:00,53,17,0,70
2024-05-03T08:48:31,53,17,0,70
2024-05-03T08:55:02,53,17,0,70
2024-05-03T09:01:35,53,17,0,70
2024-05-03T09:08:06,53,17,0,70
2024-05-03T09:14:38,53,17,0,70
2024-05-03T09:21:09,53,17,0,70
2024-05-03T09:27:46,53,17,0,70
2024-05-03T09:34:17,53,17,0,70
2024-05-03T09:40:49,53,17,0,70
2024-05-03T09:47:20,53,17,0,70
2024-05-03T09:53:52,53,17,0,70
2024-05-03T10:00:24,53,17,0,70
2024-05-03T10:06:55,53,17,0,70
2024-05-03T10:13:27,53,17,0,70
2024-05-03T10:19:58,53,17,0,70
2024-05-03T10:26:30,53,17,0,70
2024-05-03T10:33:02,53,17,0,70
2024-05-03T10:39:33,53,17,0,70
2024-05-03T10:46:16,53,17,0,70
2024-05-03T10:52:47,53,17,0,70
2024-05-03T10:59:19,53,17,0,70
2024-05-03T11:05:50,53,17,0,70
2024-05-03T11:12:22,53,17,0,70
2024-05-03T11:18:53,53,17,0,70
2024-05-03T11:25:25,53,17,0,70
2024-05-03T11:31:57,53,17,0,70
2024-05-03T11:38:28,53,17,0,70
2024-05-03T11:45:00,53,17,0,70
2024-05-03T11:51:31,53,17,0,70
2024-05-03T11:58:03,53,17,0,70
2024-05-03T12:04:34,53,17,0,70
2024-05-03T12:11:06,53,17,0,70
2024-05-03T12:17:37,53,17,0,70
2024-05-03T12:24:09,53,17,0,70
2024-05-03T12:30:41,53,17,0,70
2024-05-03T12:37:12,53,17,0,70
2024-05-03T12:43:45,53,17,0,70
2024-05-03T12:50:29,53,17,0,70
2024-05-03T12:57:01,53,17,0,70
2024-05-03T13:03:34,53,17,0,70
2024-05-03T13:10:06,53,17,0,70
2024-05-03T13:16:38,53,17,0,70
2024-05-03T13:23:11,53,17,0,70
2024-05-03T13:29:44,53,17,0,70
2024-05-03T13:36:16,53,17,0,70
2024-05-03T13:42:48,53,17,0,70
2024-05-03T13:49:21,53,17,0,70
2024-05-03T13:55:54,53,17,0,70
2024-05-03T14:02:26,53,17,0,70
2024-05-03T14:08:59,53,17,0,70
2024-05-03T14:15:31,53,17,0,70
2024-05-03T14:22:03,53,17,0,70
2024-05-03T14:28:36,53,17,0,70
2024-05-03T14:35:08,53,17,0,70
2024-05-03T14:41:41,53,17,0,70
2024-05-03T14:48:13,53,17,0,70
2024-05-03T14:54:46,53,17,0,70
2024-05-03T15:01:18,53,17,0,70
2024-05-03T15:08:01,53,17,0,70
2024-05-03T15:14:34,53,17,0,70
2024-05-03T15:21:06,53,17,0,70
2024-05-03T15:27:39,53,17,0,70
2024-05-03T15:34:11,53,17,0,70
2024-05-03T15:40:44,53,17,0,70
2024-05-03T15:47:16,53,17,0,70
2024-05-03T15:53:49,53,17,0,70
2024-05-03T16:00:21,53,17,0,70
2024-05-03T16:06:54,53,17,0,70
2024-05-03T16:13:26,53,17,0,70
2024-05-03T16:19:59,53,17,0,70
2024-05-03T16:26:31,53,17,0,70
2024-05-03T16:33:06,53,17,0,70
2024-05-03T16:39:38,53,17,0,70
2024-05-03T16:46:11,53,17,0,70
2024-05-03T16:52:44,53,17,0,70
2024-05-03T16:59:27,53,17,0,70
2024-05-03T17:05:59,53,17,0,70
2024-05-03T17:12:32,53,17,0,70
2024-05-03T17:19:05,53,17,0,70
2024-05-03T17:25:39,53,17,0,70
2024-05-03T17:32:11,53,17,0,70
2024-05-03T17:38:43,53,17,0,70
2024-05-03T17:45:16,53,17,0,70
2024-05-03T17:51:48,53,17,0,70
2024-05-03T17:58:21,53,17,0,70
2024-05-03T18:04:53,53,17,0,70
2024-05-03T18:11:26,53,17,0,70
2024-05-03T18:17:58,53,17,0,70
2024-05-03T18:24:31,53,17,0,70
2024-05-03T18:31:03,53,17,0,70
2024-05-03T18:37:36,53,17,0,70
2024-05-03T18:44:08,53,17,0,70
2024-05-03T18:50:41,53,17,0,70
2024-05-03T18:57:13,53,17,0,70
2024-05-03T19:03:46,53,17,0,70
2024-05-03T19:10:19,53,17,0,70
2024-05-03T19:16:52,53,17,0,70
2024-05-03T19:23:24,53,17,0,70
2024-05-03T19:29:56,53,17,0,70
2024-05-03T19:36:28,53,17,0,70
2024-05-03T19:43:01,53,17,0,70
2024-05-03T19:49:33,53,17,0,70
2024-05-03T19:56:17,53,17,0,70
2024-05-03T20:02:57,53,17,0,70
2024-05-03T20:09:30,53,17,0,70
2024-05-03T20:16:02,53,17,0,70
2024-05-03T20:22:35,53,17,0,70
2024-05-03T20:29:07,53,17,0,70
2024-05-03T20:35:40,53,17,0,70
2024-05-03T20:42:12,53,17,0,70
2024-05-03T20:48:45,53,17,0,70
2024-05-03T20:55:17,53,17,0,70
2024-05-03T21:01:50,53,17,0,70
2024-05-03T21:08:23,53,17,0,70
2024-05-03T21:14:55,53,17,0,70
2024-05-03T21:21:28,53,17,0,70
2024-05-03T21:28:02,53,17,0,70
2024-05-03T21:34:34,53,17,0,70
2024-05-03T21:41:07,53,17,0,70
2024-05-03T21:47:39,53,17,0,70
2024-05-03T21:54:12,53,17,0,70
2024-05-03T22:00:45,53,17,0,70
2024-05-03T22:07:18,53,17,0,70
2024-05-03T22:13:50,53,17,0,70
2024-05-03T22:20:23,53,17,0,70
2024-05-03T22:26:55,53,17,0,70
2024-05-03T22:33:28,53,17,0,70
2024-05-03T22:40:01,53,17,0,70
2024-05-03T22:46:34,53,17,0,70
2024-05-03T22:53:08,53,17,0,70
2024-05-03T22:59:51,53,17,0,70
2024-05-03T23:06:24,53,17,0,70
2024-05-03T23:12:56,53,17,0,70
2024-05-03T23:19:29,53,17,0,70
2024-05-03T23:26:02,53,17,0,70
2024-05-03T23:32:35,53,17,0,70
2024-05-03T23:39:07,53,17,0,70
2024-05-03T23:45:40,53,17,0,70
2024-05-03T23:52:13,53,17,0,70
2024-05-03T23:58:46,53,17,0,70
2024-05-04T00:05:19,53,17,0,70
2024-05-04T00:11:53,53,17,0,70
2024-05-04T00:18:27,53,17,0,70
2024-05-04T00:25:02,53,17,0,70
2024-05-04T00:31:36,53,17,0,70
2024-05-04T00:38:09,53,17,0,70
2024-05-04T00:44:43,53,17,0,70
2024-05-04T00:51:17,53,17,0,70
2024-05-04T00:57:50,53,17,0,70
2024-05-04T01:04:23,53,17,0,70
2024-05-04T01:10:56,53,17,0,70
2024-05-04T01:17:29,53,17,0,70
2024-05-04T01:24:02,53,17,0,70
2024-05-04T01:30:35,53,17,0,70
2024-05-04T01:37:07,53,17,0,70
2024-05-04T01:43:40,53,17,0,70
2024-05-04T01:50:13,53,17,0,70
2024-05-04T01:56:47,53,17,0,70
2024-05-04T02:03:21,53,17,0,70
2024-05-04T02:09:53,53,17,0,70
2024-05-04T02:16:26,53,17,0,70
2024-05-04T02:22:59,53,17,0,70
2024-05-04T02:29:31,53,17,0,70
2024-05-04T02:36:04,53,17,0,70
2024-05-04T02:42:37,53,17,0,70
2024-05-04T02:49:20,53,17,0,70
2024-05-04T02:55:53,53,17,0,70
2024-05-04T03:02:26,53,17,0,70
2024-05-04T03:09:00,53,17,0,70
2024-05-04T03:15:34,53,17,0,70
2024-05-04T03:22:07,53,17,0,70
2024-05-04T03:28:41,53,17,0,70
2024-05-04T03:35:15,53,17,0,70
2024-05-04T03:41:48,53,17,0,70
2024-05-04T03:48:21,53,17,0,70
2024-05-04T03:54:54,53,17,0,70
2024-05-04T04:01:27,53,17,0,70
2024-05-04T04:08:00,53,17,0,70
2024-05-04T04:14:33,53,17,0,70
2024-05-04T04:31:37,53,17,0,70
2024-05-04T04:38:51,53,17,0,70
2024-05-04T04:46:12,53,17,0,70
2024-05-04T04:52:44,53,17,0,70
2024-05-04T04:59:16,53,17,0,70
2024-05-04T05:05:49,53,17,0,70
2024-05-04T05:12:21,53,17,0,70
2024-05-04T05:18:54,53,17,0,70
2024-05-04T05:25:27,53,17,0,70
2024-05-04T05:31:59,53,17,0,70
2024-05-04T05:38:31,53,17,0,70
2024-05-04T05:45:04,53,17,0,70
2024-05-04T05:51:37,53,17,0,70
2024-05-04T05:58:10,53,17,0,70
2024-05-04T06:04:43,53,17,0,70
2024-05-04T06:11:16,53,17,0,70
2024-05-04T06:17:49,53,17,0,70
2024-05-04T06:24:28,53,17,0,70
2024-05-04T06:31:01,53,17,0,70
2024-05-04T06:37:33,53,17,0,70
2024-05-04T06:44:06,53,17,0,70
2024-05-04T06:50:39,53,17,0,70
2024-05-04T06:57:12,53,17,0,70
2024-05-04T07:03:44,53,17,0,70
2024-05-04T07:10:17,53,17,0,70
2024-05-04T07:16:50,53,17,0,70
2024-05-04T07:23:22,53,17,0,70
2024-05-04T07:29:55,53,17,0,70
2024-05-04T07:36:27,53,17,0,70
2024-05-04T07:43:00,53,17,0,70
2024-05-04T07:49:32,53,17,0,70
2024-05-04T07:56:05,53,17,0,70
2024-05-04T08:02:38,53,17,0,70
2024-05-04T08:09:10,53,17,0,70
2024-05-04T08:15:43,53,17,0,70
2024-05-04T08:22:15,53,17,0,70
2024-05-04T08:28:48,53,17,0,70
2024-05-04T08:35:21,53,17,0,70
2024-05-04T08:41:53,53,17,0,70
2024-05-04T08:48:26,53,17,0,70
2024-05-04T08:54:58,53,17,0,70
2024-05-04T09:01:31,53,17,0,70
2024-05-04T09:08:04,53,17,0,70
2024-05-04T09:14:50,53,17,0,70
2024-05-04T09:21:23,53,17,0,70
2024-05-04T09:27:55,53,17,0,70
2024-05-04T09:34:28,53,17,0,70
2024-05-04T09:41:00,53,17,0,70
2024-05-04T09:47:33,53,17,0,70
2024-05-04T09:54:05,53,17,0,70
2024-05-04T10:00:38,53,17,0,70
2024-05-04T10:07:10,53,17,0,70
2024-05-04T10:13:43,53,17,0,70
2024-05-04T10:20:15,53,17,0,70
2024-05-04T10:26:48,53,17,0,70
2024-05-04T10:33:21,53,17,0,70
2024-05-04T10:39:53,53,17,0,70
2024-05-04T10:46:26,53,17,0,70
2024-05-04T10:52:58,53,17,0,70
2024-05-04T10:59:31,53,17,0,70
2024-05-04T11:06:03,53,17,0,70
2024-05-04T11:12:36,53,17,0,70
2024-05-04T11:19:09,53,17,0,70
2024-05-04T11:25:41,53,17,0,70
2024-05-04T11:32:13,53,17,0,70
2024-05-04T11:38:45,53,17,0,70
2024-05-04T11:45:18,53,17,0,70
2024-05-04T11:51:50,53,17,0,70
2024-05-04T11:58:23,53,17,0,70
2024-05-04T12:04:55,53,17,0,70
2024-05-04T12:11:29,53,17,0,70
2024-05-04T12:18:12,53,17,0,70
2024-05-04T12:24:44,53,17,0,70
2024-05-04T12:31:16,53,17,0,70
2024-05-04T12:37:49,53,17,0,70
2024-05-04T12:44:21,53,17,0,70
2024-05-04T12:50:53,53,17,0,70
2024-05-04T12:57:26,53,17,0,70
2024-05-04T13:03:58,53,17,0,70
2024-05-04T13:10:30,53,17,0,70
2024-05-04T13:17:03,53,17,0,70
2024-05-04T13:23:35,53,17,0,70
2024-05-04T13:30:07,53,17,0,70
2024-05-04T13:36:39,53,17,0,70
2024-05-04T13:43:12,53,17,0,70
2024-05-04T13:49:44,53,17,0,70
2024-05-04T13:56:17,53,17,0,70
2024-05-04T14:02:49,53,17,0,70
2024-05-04T14:09:22,53,17,0,70
2024-05-04T14:15:54,53,17,0,70
2024-05-04T14:22:27,53,17,0,70
2024-05-04T14:28:59,53,17,0,70
2024-05-04T14:35:31,53,17,0,70
2024-05-04T14:42:04,53,17,0,70
2024-05-04T14:48:36,53,17,0,70
2024-05-04T14:55:09,53,17,0,70
2024-05-04T15:01:41,53,17,0,70
2024-05-04T15:08:13,53,17,0,70
2024-05-04T15:14:45,53,17,0,70
2024-05-04T15:21:35,53,17,0,70
2024-05-04T15:28:08,53,17,0,70
2024-05-04T15:34:40,53,17,0,70
2024-05-04T15:41:12,53,17,0,70
2024-05-04T15:47:44,53,17,0,70
2024-05-04T15:54:17,53,17,0,70
2024-05-04T16:00:50,53,17,0,70
2024-05-04T16:07:22,53,17,0,70
2024-05-04T16:13:54,53,17,0,70
2024-05-04T16:20:27,53,17,0,70
2024-05-04T16:27:00,53,17,0,70
2024-05-04T16:33:33,53,17,0,70
2024-05-04T16:40:05,53,17,0,70
2024-05-04T16:46:37,53,17,0,70
2024-05-04T16:53:10,53,17,0,70
2024-05-04T16:59:42,53,17,0,70
2024-05-04T17:06:14,53,17,0,70
2024-05-04T17:12:47,53,17,0,70
2024-05-04T17:19:19,53,17,0,70
2024-05-04T17:25:52,53,17,0,70
2024-05-04T17:32:24,53,17,0,70
2024-05-04T17:38:56,53,17,0,70
2024-05-04T17:45:39,53,17,0,70
2024-05-04T17:52:11,53,17,0,70
2024-05-04T17:58:43,53,17,0,70
2024-05-04T18:05:16,53,17,0,70
2024-05-04T18:11:48,53,17,0,70
2024-05-04T18:18:21,53,17,0,70
2024-05-04T18:24:53,53,17,0,70
2024-05-04T18:31:25,53,17,0,70
2024-05-04T18:37:58,53,17,0,70
2024-05-04T18:44:30,53,17,0,70
2024-05-04T18:51:02,53,17,0,70
2024-05-04T18:57:35,53,17,0,70
2024-05-04T19:04:07,53,17,0,70
2024-05-04T19:10:39,53,17,0,70
2024-05-04T19:17:12,53,17,0,70
2024-05-04T19:23:44,53,17,0,70
2024-05-04T19:30:16,53,17,0,70
2024-05-04T19:36:49,53,17,0,70
2024-05-04T19:43:21,53,17,0,70
2024-05-04T19:49:53,53,17,0,70
2024-05-04T19:56:26,53,17,0,70
2024-05-04T20:02:58,53,17,0,70
2024-05-04T20:09:30,53,17,0,70
2024-05-04T20:16:02,53,17,0,70
2024-05-04T20:22:35,53,17,0,70
2024-05-04T20:29:07,53,17,0,70
2024-05-04T20:35:40,53,17,0,70
2024-05-04T20:42:29,53,17,0,70
2024-05-04T20:49:01,53,17,0,70
2024-05-04T20:55:33,53,17,0,70
2024-05-04T21:02:06,53,17,0,70
2024-05-04T21:08:39,53,17,0,70
2024-05-04T21:15:11,53,17,0,70
2024-05-04T21:21:44,53,17,0,70
2024-05-04T21:28:17,53,17,0,70
2024-05-04T21:34:50,53,17,0,70
2024-05-04T21:41:23,53,17,0,70
2024-05-04T21:47:55,53,17,0,70
2024-05-04T21:54:27,53,17,0,70
2024-05-04T22:01:00,53,17,0,70
2024-05-04T22:07:33,53,17,0,70
2024-05-04T22:14:05,53,17,0,70
2024-05-04T22:20:38,53,17,0,70
2024-05-04T22:27:10,53,17,0,70
2024-05-04T22:33:43,53,17,0,70
2024-05-04T22:40:15,53,17,0,70
2024-05-04T22:46:48,53,17,0,70
2024-05-04T22:53:20,53,17,0,70
2024-05-04T22:59:52,53,17,0,70
2024-05-04T23:06:24,53,17,0,70
2024-05-04T23:12:57,53,17,0,70
2024-05-04T23:19:29,53,17,0,70
2024-05-04T23:26:02,53,17,0,70
2024-05-04T23:32:34,53,17,0,70
2024-05-04T23:39:06,53,17,0,70
2024-05-04T23:45:39,53,17,0,70
2024-05-04T23:52:11,53,17,0,70
2024-05-04T23:58:44,53,17,0,70
2024-05-05T00:05:27,53,17,0,70
2024-05-05T00:12:00,53,17,0,70
2024-05-05T00:18:35,53,17,0,70
2024-05-05T00:25:08,53,17,0,70
2024-05-05T00:31:41,53,17,0,70
2024-05-05T00:38:15,53,17,0,70
2024-05-05T00:44:47,53,17,0,70
2024-05-05T00:51:20,53,17,0,70
2024-05-05T00:57:52,53,17,0,70
2024-05-05T01:04:25,53,17,0,70
2024-05-05T01:10:58,53,17,0,70
2024-05-05T01:17:31,53,17,0,70
2024-05-05T01:24:04,53,17,0,70
2024-05-05T01:30:37,53,17,0,70
2024-05-05T01:37:10,53,17,0,70
2024-05-05T01:43:43,53,17,0,70
2024-05-05T01:50:16,53,17,0,70
2024-05-05T01:56:49,53,17,0,70
2024-05-05T02:03:22,53,17,0,70
2024-05-05T02:09:55,53,17,0,70
2024-05-05T02:16:28,53,17,0,70
2024-05-05T02:23:01,53,17,0,70
2024-05-05T02:29:34,53,17,0,70
2024-05-05T02:36:27,53,17,0,70
2024-05-05T02:43:00,53,17,0,70
2024-05-05T02:49:33,53,17,0,70
2024-05-05T02:56:06,53,17,0,70
2024-05-05T03:02:39,53,17,0,70
2024-05-05T03:09:11,53,17,0,70
2024-05-05T03:15:44,53,17,0,70
2024-05-05T03:22:17,53,17,0,70
2024-05-05T03:28:50,53,17,0,70
2024-05-05T03:35:22,53,17,0,70
2024-05-05T03:41:55,53,17,0,70
2024-05-05T03:48:27,53,17,0,70
2024-05-05T03:55:00,53,17,0,70
2024-05-05T04:01:32,53,17,0,70
2024-05-05T04:08:06,53,17,0,70
2024-05-05T04:14:57,53,17,0,70
2024-05-05T04:32:44,53,17,0,70
2024-05-05T04:39:40,53,17,0,70
2024-05-05T04:46:13,53,17,0,70
2024-05-05T04:52:45,53,17,0,70
2024-05-05T04:59:18,53,17,0,70
2024-05-05T05:05:51,53,17,0,70
2024-05-05T05:12:23,53,17,0,70
2024-05-05T05:18:56,53,17,0,70
2024-05-05T05:25:28,53,17,0,70
2024-05-05T05:32:01,53,17,0,70
2024-05-05T05:38:34,53,17,0,70
2024-05-05T05:45:06,53,17,0,70
2024-05-05T05:51:39,53,17,0,70
2024-05-05T05:58:11,53,17,0,70
2024-05-05T06:04:43,53,17,0,70
2024-05-05T06:11:17,53,17,0,70
2024-05-05T06:17:50,53,17,0,70
2024-05-05T06:24:22,53,17,0,70
2024-05-05T06:30:54,53,17,0,70
2024-05-05T06:37:27,53,17,0,70
2024-05-05T06:43:59,53,17,0,70
2024-05-05T06:50:31,53,17,0,70
2024-05-05T06:57:03,53,17,0,70
2024-05-05T07:03:35,53,17,0,70
2024-05-05T07:10:07,53,17,0,70
2024-05-05T07:16:40,53,17,0,70
2024-05-05T07:23:12,53,17,0,70
2024-05-05T07:29:45,53,17,0,70
2024-05-05T07:36:20,53,17,0,70
2024-05-05T07:42:53,53,17,0,70
2024-05-05T07:49:33,53,17,0,70
2024-05-05T07:56:06,53,17,0,70
2024-05-05T08:02:38,53,17,0,70
2024-05-05T08:09:11,53,17,0,70
2024-05-05T08:15:44,53,17,0,70
2024-05-05T08:22:17,53,17,0,70
2024-05-05T08:28:50,53,17,0,70
2024-05-05T08:35:22,53,17,0,70
2024-05-05T08:41:54,53,17,0,70
2024-05-05T08:48:27,53,17,0,70
2024-05-05T08:55:01,53,17,0,70
2024-05-05T09:01:34,53,17,0,70
2024-05-05T09:08:07,53,17,0,70
2024-05-05T09:14:41,53,17,0,70
2024-05-05T09:21:14,53,17,0,70
2024-05-05T09:27:47,53,17,0,70
2024-05-05T09:34:20,53,17,0,70
2024-05-05T09:40:53,53,17,0,70
2024-05-05T09:47:26,53,17,0,70
2024-05-05T09:53:58,53,17,0,70
2024-05-05T10:00:31,53,17,0,70
2024-05-05T10:07:04,53,17,0,70
2024-05-05T10:13:37,53,17,0,70
2024-05-05T10:20:10,53,17,0,70
2024-05-05T10:26:44,53,17,0,70
2024-05-05T10:33:16,53,17,0,70
2024-05-05T10:39:49,53,17,0,70
2024-05-05T10:46:21,53,17,0,70
2024-05-05T10:52:53,53,17,0,70
2024-05-05T10:59:26,53,17,0,70
2024-05-05T11:05:59,53,17,0,70
2024-05-05T11:12:31,53,17,0,70
2024-05-05T11:19:04,53,17,0,70
2024-05-05T11:25:48,53,17,0,70
2024-05-05T11:32:20,53,17,0,70
2024-05-05T11:38:53,53,17,0,70
2024-05-05T11:45:25,53,17,0,70
2024-05-05T11:51:58,53,17,0,70
2024-05-05T11:58:30,53,17,0,70
2024-05-05T12:05:03,53,17,0,70
2024-05-05T12:11:36,53,17,0,70
2024-05-05T12:18:09,53,17,0,70
2024-05-05T12:24:42,53,17,0,70
2024-05-05T12:31:15,53,17,0,70
2024-05-05T12:37:47,53,17,0,70
2024-05-05T12:44:19,53,17,0,70
2024-05-05T12:50:52,53,17,0,70
2024-05-05T12:57:24,53,17,0,70
2024-05-05T13:03:57,53,17,0,70
2024-05-05T13:10:29,53,17,0,70
2024-05-05T13:17:02,53,17,0,70
2024-05-05T13:23:35,53,17,0,70
2024-05-05T13:30:08,53,17,0,70
2024-05-05T13:36:40,53,17,0,70
2024-05-05T13:43:13,53,17,0,70
2024-05-05T13:49:46,53,17,0,70
2024-05-05T13:56:27,53,17,0,70
2024-05-05T14:02:59,53,17,0,70
2024-05-05T14:09:32,53,17,0,70
2024-05-05T14:16:05,53,17,0,70
2024-05-05T14:22:39,53,17,0,70
2024-05-05T14:29:11,53,17,0,70
2024-05-05T14:35:43,53,17,0,70
2024-05-05T14:42:16,53,17,0,70
2024-05-05T14:48:48,53,17,0,70
2024-05-05T14:55:20,53,17,0,70
2024-05-05T15:01:53,53,17,0,70
2024-05-05T15:08:25,53,17,0,70
2024-05-05T15:14:57,53,17,0,70
2024-05-05T15:21:30,53,17,0,70
2024-05-05T15:28:02,53,17,0,70
2024-05-05T15:34:35,53,17,0,70
2024-05-05T15:41:07,53,17,0,70
2024-05-05T15:47:40,53,17,0,70
2024-05-05T15:54:12,53,17,0,70
2024-05-05T16:00:45,53,17,0,70
2024-05-05T16:07:26,53,17,0,70
2024-05-05T16:13:59,53,17,0,70
2024-05-05T16:20:31,53,17,0,70
2024-05-05T16:27:04,53,17,0,70
2024-05-05T16:33:37,53,17,0,70
2024-05-05T16:40:10,53,17,0,70
2024-05-05T16:46:42,53,17,0,70
2024-05-05T16:53:14,53,17,0,70
2024-05-05T16:59:47,53,17,0,70
2024-05-05T17:06:19,53,17,0,70
2024-05-05T17:12:52,53,17,0,70
2024-05-05T17:19:25,53,17,0,70
2024-05-05T17:25:57,53,17,0,70
2024-05-05T17:32:30,53,17,0,70
2024-05-05T17:39:02,53,17,0,70
2024-05-05T17:45:34,53,17,0,70
2024-05-05T17:52:07,53,17,0,70
2024-05-05T17:58:39,53,17,0,70
2024-05-05T18:05:12,53,17,0,70
2024-05-05T18:11:45,53,17,0,70
2024-05-05T18:18:17,53,17,0,70
2024-05-05T18:24:50,53,17,0,70
2024-05-05T18:31:23,53,17,0,70
2024-05-05T18:37:56,53,17,0,70
2024-05-05T18:44:30,53,17,0,70
2024-05-05T18:51:03,53,17,0,70
2024-05-05T18:57:35,53,17,0,70
2024-05-05T19:04:09,53,17,0,70
2024-05-05T19:10:51,53,17,0,70
2024-05-05T19:17:24,53,17,0,70
2024-05-05T19:23:57,53,17,0,70
2024-05-05T19:30:30,53,17,0,70
2024-05-05T19:37:03,53,17,0,70
2024-05-05T19:43:36,53,17,0,70
2024-05-05T19:50:09,53,17,0,70
2024-05-05T19:56:41,53,17,0,70
2024-05-05T20:03:14,53,17,0,70
2024-05-05T20:09:47,53,17,0,70
2024-05-05T20:16:19,53,17,0,70
2024-05-05T20:22:52,53,17,0,70
2024-05-05T20:29:24,53,17,0,70
2024-05-05T20:35:57,53,17,0,70
2024-05-05T20:42:30,53,17,0,70
2024-05-05T20:49:03,53,17,0,70
2024-05-05T20:55:35,53,17,0,70
2024-05-05T21:02:08,53,17,0,70
2024-05-05T21:08:41,53,17,0,70
2024-05-05T21:15:15,53,17,0,70
2024-05-05T21:21:49,53,17,0,70
2024-05-05T21:28:21,53,17,0,70
2024-05-05T21:34:55,53,17,0,70
2024-05-05T21:41:27,53,17,0,70
2024-05-05T21:47:59,53,17,0,70
2024-05-05T21:54:41,53,17,0,70
2024-05-05T22:01:14,53,17,0,70
2024-05-05T22:07:47,53,17,0,70
2024-05-05T22:14:19,53,17,0,70
2024-05-05T22:20:52,53,17,0,70
2024-05-05T22:27:25,53,17,0,70
2024-05-05T22:33:57,53,17,0,70
2024-05-05T22:40:30,53,17,0,70
2024-05-05T22:47:05,53,17,0,70
2024-05-05T22:53:37,53,17,0,70
2024-05-05T23:00:10,53,17,0,70
2024-05-05T23:06:43,53,17,0,70
2024-05-05T23:13:15,53,17,0,70
2024-05-05T23:19:48,53,17,0,70
2024-05-05T23:26:21,53,17,0,70
2024-05-05T23:32:54,53,17,0,70
2024-05-05T23:39:27,53,17,0,70
2024-05-05T23:45:59,53,17,0,70
2024-05-05T23:52:32,53,17,0,70
2024-05-05T23:59:04,53,17,0,70
2024-05-06T00:05:37,53,17,0,70
2024-05-06T00:12:10,53,17,0,70
2024-05-06T00:18:43,53,17,0,70
2024-05-06T00:25:16,53,17,0,70
2024-05-06T00:31:49,53,17,0,70
2024-05-06T00:38:23,53,17,0,70
2024-05-06T00:44:56,53,17,0,70
2024-05-06T00:51:29,53,17,0,70
2024-05-06T00:58:02,53,17,0,70
2024-05-06T01:04:45,53,17,0,70
2024-05-06T01:11:18,53,17,0,70
2024-05-06T01:17:53,53,17,0,70
2024-05-06T01:24:30,53,17,0,70
2024-05-06T01:31:05,53,17,0,70
2024-05-06T01:37:38,53,17,0,70
2024-05-06T01:44:11,53,17,0,70
2024-05-06T01:50:43,53,17,0,70
2024-05-06T01:57:16,53,17,0,70
2024-05-06T02:03:49,53,17,0,70
2024-05-06T02:10:22,53,17,0,70
2024-05-06T02:16:54,53,17,0,70
2024-05-06T02:23:33,53,17,0,70
2024-05-06T02:30:05,53,17,0,70
2024-05-06T02:36:37,53,17,0,70
2024-05-06T02:43:10,53,17,0,70
2024-05-06T02:49:43,53,17,0,70
2024-05-06T02:56:15,53,17,0,70
2024-05-06T03:02:48,53,17,0,70
2024-05-06T03:09:22,53,17,0,70
2024-05-06T03:15:56,53,17,0,70
2024-05-06T03:22:29,53,17,0,70
2024-05-06T03:29:02,53,17,0,70
2024-05-06T03:35:35,53,17,0,70
2024-05-06T03:42:07,53,17,0,70
2024-05-06T03:48:41,53,17,0,70
2024-05-06T03:55:13,53,17,0,70
2024-05-06T04:01:46,53,17,0,70
2024-05-06T04:08:20,53,17,0,70
2024-05-06T04:14:52,53,17,0,70
2024-05-06T04:29:17,53,17,0,70
2024-05-06T04:35:50,53,17,0,70
2024-05-06T04:43:22,53,17,0,70
2024-05-06T04:50:43,53,17,0,70
2024-05-06T04:57:17,53,17,0,70
2024-05-06T05:03:53,53,17,0,70
2024-05-06T05:10:27,53,17,0,70
2024-05-06T05:17:01,53,17,0,70
2024-05-06T05:23:34,53,17,0,70
2024-05-06T05:30:07,53,17,0,70
2024-05-06T05:36:40,53,17,0,70
2024-05-06T05:43:14,53,17,0,70
2024-05-06T05:49:47,53,17,0,70
2024-05-06T05:56:20,53,17,0,70
2024-05-06T06:02:53,53,17,0,70
2024-05-06T06:09:26,53,17,0,70
2024-05-06T06:16:02,53,17,0,70
2024-05-06T06:22:34,53,17,0,70
2024-05-06T06:29:07,53,17,0,70
2024-05-06T06:35:40,53,17,0,70
2024-05-06T06:42:13,53,17,0,70
2024-05-06T06:48:46,53,17,0,70
2024-05-06T06:55:19,53,17,0,70
2024-05-06T07:01:54,53,17,0,70
2024-05-06T07:08:27,53,17,0,70
2024-05-06T07:15:00,53,17,0,70
2024-05-06T07:21:33,53,17,0,70
2024-05-06T07:28:06,53,17,0,70
2024-05-06T07:34:40,53,17,0,70
2024-05-06T07:41:12,53,17,0,70
2024-05-06T07:47:45,53,17,0,70
2024-05-06T07:54:18,53,17,0,70
2024-05-06T08:00:51,53,17,0,70
2024-05-06T08:07:24,53,17,0,70
2024-05-06T08:14:05,53,17,0,70
2024-05-06T08:20:38,53,17,0,70
2024-05-06T08:27:11,53,17,0,70
2024-05-06T08:33:43,53,17,0,70
2024-05-06T08:40:16,53,17,0,70
2024-05-06T08:46:49,53,17,0,70
2024-05-06T08:53:22,53,17,0,70
2024-05-06T08:59:54,53,17,0,70
2024-05-06T09:06:28,53,17,0,70
2024-05-06T09:13:01,53,17,0,70
2024-05-06T09:19:34,53,17,0,70
2024-05-06T09:26:07,53,17,0,70
2024-05-06T09:32:42,53,17,0,70
2024-05-06T09:39:15,53,17,0,70
2024-05-06T09:45:48,53,17,0,70
2024-05-06T09:52:21,53,17,0,70
2024-05-06T09:58:56,53,17,0,70
2024-05-06T10:05:28,53,17,0,70
2024-05-06T10:12:01,53,17,0,70
2024-05-06T10:18:34,53,17,0,70
2024-05-06T10:25:06,53,17,0,70
2024-05-06T10:31:39,53,17,0,70
2024-05-06T10:38:11,54,16,0,70
2024-05-06T10:44:44,54,16,0,70
2024-05-06T10:51:16,54,16,0,70
2024-05-06T10:57:49,54,16,0,70
2024-05-06T11:04:22,54,16,0,70
2024-05-06T11:10:55,54,16,0,70
2024-05-06T11:17:38,54,16,0,70
2024-05-06T11:24:11,54,16,0,70
2024-05-06T11:30:43,54,16,0,70
2024-05-06T11:37:16,54,16,0,70
2024-05-06T11:43:49,54,16,0,70
2024-05-06T11:50:21,54,16,0,70
2024-05-06T11:56:54,54,16,0,70
2024-05-06T12:03:26,54,16,0,70
2024-05-06T12:09:59,54,16,0,70
2024-05-06T12:16:34,54,16,0,70
2024-05-06T12:23:07,54,16,0,70
2024-05-06T12:29:39,54,16,0,70
2024-05-06T12:36:12,54,16,0,70
2024-05-06T12:42:45,54,16,0,70
2024-05-06T12:49:17,54,16,0,70
2024-05-06T12:56:00,54,16,0,70
2024-05-06T13:02:33,54,16,0,70
2024-05-06T13:09:06,54,16,0,70
2024-05-06T13:15:39,54,16,0,70
2024-05-06T13:22:11,54,16,0,70
2024-05-06T13:28:44,54,16,0,70
2024-05-06T13:35:17,54,16,0,70
2024-05-06T13:41:49,54,16,0,70
2024-05-06T13:48:22,54,16,0,70
2024-05-06T13:54:55,54,16,0,70
2024-05-06T14:01:27,54,16,0,70
2024-05-06T14:08:00,54,16,0,70
2024-05-06T14:14:33,54,16,0,70
2024-05-06T14:21:06,54,16,0,70
2024-05-06T14:27:39,54,16,0,70
2024-05-06T14:34:12,54,16,0,70
2024-05-06T14:40:45,54,16,0,70
2024-05-06T14:47:18,54,16,0,70
2024-05-06T14:53:50,54,16,0,70
2024-05-06T15:00:37,54,16,0,70
2024-05-06T15:07:10,54,16,0,70
2024-05-06T15:13:43,54,16,0,70
2024-05-06T15:20:16,54,16,0,70
2024-05-06T15:26:49,54,16,0,70
2024-05-06T15:33:22,54,16,0,70
2024-05-06T15:39:56,54,16,0,70
2024-05-06T15:46:29,54,16,0,70
2024-05-06T15:53:02,54,16,0,70
2024-05-06T15:59:35,54,16,0,70
2024-05-06T16:06:07,54,16,0,70
2024-05-06T16:12:40,54,16,0,70
2024-05-06T16:19:13,54,16,0,70
2024-05-06T16:25:45,54,16,0,70
2024-05-06T16:32:18,54,16,0,70
2024-05-06T16:38:51,54,16,0,70
2024-05-06T16:45:24,54,16,0,70
2024-05-06T16:51:57,54,16,0,70
2024-05-06T16:58:29,54,16,0,70
2024-05-06T17:05:03,54,16,0,70
2024-05-06T17:11:45,54,16,0,70
2024-05-06T17:18:19,54,16,0,70
2024-05-06T17:24:52,54,16,0,70
2024-05-06T17:31:24,54,16,0,70
2024-05-06T17:37:57,54,16,0,70
2024-05-06T17:44:30,54,16,0,70
2024-05-06T17:51:03,54,16,0,70
2024-05-06T17:57:36,54,16,0,70
2024-05-06T18:04:09,54,16,0,70
2024-05-06T18:10:42,54,16,0,70
2024-05-06T18:17:15,54,16,0,70
2024-05-06T18:23:49,54,16,0,70
2024-05-06T18:30:21,54,16,0,70
2024-05-06T18:36:54,54,16,0,70
2024-05-06T18:43:27,54,16,0,70
2024-05-06T18:50:01,54,16,0,70
2024-05-06T18:56:33,54,16,0,70
2024-05-06T19:03:06,54,16,0,70
2024-05-06T19:09:39,54,16,0,70
2024-05-06T19:16:11,54,16,0,70
2024-05-06T19:22:44,54,16,0,70
2024-05-06T19:29:17,54,16,0,70
2024-05-06T19:35:51,54,16,0,70
2024-05-06T19:42:23,54,16,0,70
2024-05-06T19:49:05,54,16,0,70
2024-05-06T19:55:37,54,16,0,70
2024-05-06T20:02:10,54,16,0,70
2024-05-06T20:08:43,54,16,0,70
2024-05-06T20:15:16,54,16,0,70
2024-05-06T20:21:49,54,16,0,70
2024-05-06T20:28:22,54,16,0,70
2024-05-06T20:34:54,54,16,0,70
2024-05-06T20:41:27,54,16,0,70
2024-05-06T20:47:59,54,16,0,70
2024-05-06T20:54:32,54,16,0,70
2024-05-06T21:01:04,54,16,0,70
2024-05-06T21:07:37,54,16,0,70
2024-05-06T21:14:10,54,16,0,70
2024-05-06T21:20:43,54,16,0,70
2024-05-06T21:27:16,54,16,0,70
2024-05-06T21:33:48,54,16,0,70
2024-05-06T21:40:21,54,16,0,70
2024-05-06T21:46:54,54,16,0,70
2024-05-06T21:53:26,54,16,0,70
2024-05-06T21:59:59,54,16,0,70
2024-05-06T22:06:31,54,16,0,70
2024-05-06T22:13:04,54,16,0,70
2024-05-06T22:19:37,54,16,0,70
2024-05-06T22:26:20,54,16,0,70
2024-05-06T22:32:53,54,16,0,70
2024-05-06T22:39:25,54,16,0,70
2024-05-06T22:45:58,54,16,0,70
2024-05-06T22:52:30,54,16,0,70
2024-05-06T22:59:03,54,16,0,70
2024-05-06T23:05:36,54,16,0,70
2024-05-06T23:12:09,54,16,0,70
2024-05-06T23:18:42,54,16,0,70
2024-05-06T23:25:15,54,16,0,70
2024-05-06T23:31:48,54,16,0,70
2024-05-06T23:38:20,54,16,0,70
2024-05-06T23:44:53,54,16,0,70
2024-05-06T23:51:26,54,16,0,70
2024-05-06T23:57:59,54,16,0,70
2024-05-07T00:04:34,54,16,0,70
2024-05-07T00:11:07,54,16,0,70
2024-05-07T00:17:40,54,16,0,70
2024-05-07T00:24:15,54,16,0,70
2024-05-07T00:30:49,54,16,0,70
2024-05-07T00:37:23,54,16,0,70
2024-05-07T00:43:56,54,16,0,70
2024-05-07T00:50:30,54,16,0,70
2024-05-07T00:57:03,54,16,0,70
2024-05-07T01:03:36,54,16,0,70
2024-05-07T01:10:09,54,16,0,70
2024-05-07T01:16:42,54,16,0,70
2024-05-07T01:23:15,54,16,0,70
2024-05-07T01:29:48,54,16,0,70
2024-05-07T01:36:21,54,16,0,70
2024-05-07T01:42:54,54,16,0,70
2024-05-07T01:49:28,54,16,0,70
2024-05-07T01:56:11,54,16,0,70
2024-05-07T02:02:44,54,16,0,70
2024-05-07T02:09:17,54,16,0,70
2024-05-07T02:15:49,54,16,0,70
2024-05-07T02:22:22,54,16,0,70
2024-05-07T02:28:55,54,16,0,70
2024-05-07T02:35:28,54,16,0,70
2024-05-07T02:42:01,54,16,0,70
2024-05-07T02:48:34,54,16,0,70
2024-05-07T02:55:07,54,16,0,70
2024-05-07T03:01:45,54,16,0,70
2024-05-07T03:08:19,54,16,0,70
2024-05-07T03:14:52,54,16,0,70
2024-05-07T03:21:25,54,16,0,70
2024-05-07T03:27:58,54,16,0,70
2024-05-07T03:34:31,54,16,0,70
2024-05-07T03:41:04,54,16,0,70
2024-05-07T03:47:37,54,16,0,70
2024-05-07T03:54:10,54,16,0,70
2024-05-07T04:00:42,54,16,0,70
2024-05-07T04:20:00,54,16,0,70
2024-05-07T04:26:34,54,16,0,70
2024-05-07T04:34:11,54,16,0,70
2024-05-07T04:41:04,54,16,0,70
2024-05-07T04:47:43,54,16,0,70
2024-05-07T04:54:16,54,16,0,70
2024-05-07T05:00:49,54,16,0,70
2024-05-07T05:07:25,54,16,0,70
2024-05-07T05:13:59,54,16,0,70
2024-05-07T05:20:34,54,16,0,70
2024-05-07T05:27:08,54,16,0,70
2024-05-07T05:33:42,54,16,0,70
2024-05-07T05:40:15,54,16,0,70
2024-05-07T05:46:49,54,16,0,70
2024-05-07T05:53:22,54,16,0,70
2024-05-07T05:59:55,54,16,0,70
2024-05-07T06:06:28,54,16,0,70
2024-05-07T06:13:04,54,16,0,70
2024-05-07T06:19:36,54,16,0,70
2024-05-07T06:26:09,54,16,0,70
2024-05-07T06:32:43,54,16,0,70
2024-05-07T06:39:16,54,16,0,70
2024-05-07T06:45:49,54,16,0,70
2024-05-07T06:52:21,54,16,0,70
2024-05-07T06:58:57,54,16,0,70
2024-05-07T07:05:31,54,16,0,70
2024-05-07T07:12:05,54,16,0,70
2024-05-07T07:18:38,54,16,0,70
2024-05-07T07:25:11,54,16,0,70
2024-05-07T07:31:44,54,16,0,70
2024-05-07T07:38:16,54,16,0,70
2024-05-07T07:44:49,54,16,0,70
2024-05-07T07:51:22,54,16,0,70
2024-05-07T07:57:55,54,16,0,70
2024-05-07T08:04:29,54,16,0,70
2024-05-07T08:11:04,54,16,0,70
2024-05-07T08:17:37,54,16,0,70
2024-05-07T08:24:10,54,16,0,70
2024-05-07T08:30:45,54,16,0,70
2024-05-07T08:37:26,54,16,0,70
2024-05-07T08:43:59,54,16,0,70
2024-05-07T08:50:32,54,16,0,70
2024-05-07T08:57:05,54,16,0,70
2024-05-07T09:03:38,54,16,0,70
2024-05-07T09:10:11,54,16,0,70
2024-05-07T09:16:44,54,16,0,70
2024-05-07T09:23:17,54,16,0,70
2024-05-07T09:29:50,54,16,0,70
2024-05-07T09:36:23,54,16,0,70
2024-05-07T09:42:56,54,16,0,70
2024-05-07T09:49:29,54,16,0,70
2024-05-07T09:56:02,54,16,0,70
2024-05-07T10:02:37,54,16,0,70
2024-05-07T10:09:10,54,16,0,70
2024-05-07T10:15:43,54,16,0,70
2024-05-07T10:22:16,54,16,0,70
2024-05-07T10:28:49,54,16,0,70
2024-05-07T10:35:22,54,16,0,70
2024-05-07T10:41:56,54,16,0,70
2024-05-07T10:48:29,54,16,0,70
2024-05-07T10:55:02,54,16,0,70
2024-05-07T11:01:35,54,16,0,70
2024-05-07T11:08:08,54,16,0,70
2024-05-07T11:14:56,54,16,0,70
2024-05-07T11:21:29,54,16,0,70
2024-05-07T11:28:01,54,16,0,70
2024-05-07T11:34:34,54,16,0,70
2024-05-07T11:41:07,54,16,0,70
2024-05-07T11:47:40,54,16,0,70
2024-05-07T11:54:13,54,16,0,70
2024-05-07T12:00:46,54,16,0,70
2024-05-07T12:07:19,54,16,0,70
2024-05-07T12:13:54,54,16,0,70
2024-05-07T12:20:27,54,16,0,70
2024-05-07T12:26:59,54,16,0,70
2024-05-07T12:33:33,54,16,0,70
2024-05-07T12:40:06,54,16,0,70
2024-05-07T12:46:38,54,16,0,70
2024-05-07T12:53:11,54,16,0,70
2024-05-07T12:59:58,54,16,0,70
2024-05-07T13:06:32,54,16,0,70
2024-05-07T13:13:06,54,16,0,70
2024-05-07T13:19:38,54,16,0,70
2024-05-07T13:26:11,54,16,0,70
2024-05-07T13:32:44,54,16,0,70
2024-05-07T13:39:17,54,16,0,70
2024-05-07T13:45:50,54,16,0,70
2024-05-07T13:52:23,54,16,0,70
2024-05-07T13:58:56,54,16,0,70
2024-05-07T14:05:29,54,16,0,70
2024-05-07T14:12:02,54,16,0,70
2024-05-07T14:18:35,54,16,0,70
2024-05-07T14:25:08,54,16,0,70
2024-05-07T14:31:40,54,16,0,70
2024-05-07T14:38:14,54,16,0,70
2024-05-07T14:44:47,54,16,0,70
2024-05-07T14:51:19,54,16,0,70
2024-05-07T14:57:52,54,16,0,70
2024-05-07T15:04:37,54,16,0,70
2024-05-07T15:11:10,54,16,0,70
2024-05-07T15:17:43,54,16,0,70
2024-05-07T15:24:16,54,16,0,70
2024-05-07T15:30:49,54,16,0,70
2024-05-07T15:37:21,54,16,0,70
2024-05-07T15:43:55,54,16,0,70
2024-05-07T15:50:31,54,16,0,70
2024-05-07T15:57:03,54,16,0,70
2024-05-07T16:03:37,54,16,0,70
2024-05-07T16:10:10,54,16,0,70
2024-05-07T16:16:42,54,16,0,70
2024-05-07T16:23:15,54,16,0,70
2024-05-07T16:29:48,54,16,0,70
2024-05-07T16:36:21,54,16,0,70
2024-05-07T16:43:03,54,16,0,70
2024-05-07T16:49:36,54,16,0,70
2024-05-07T16:56:09,54,16,0,70
2024-05-07T17:02:42,54,16,0,70
2024-05-07T17:09:15,54,16,0,70
2024-05-07T17:15:49,54,16,0,70
2024-05-07T17:22:22,54,16,0,70
2024-05-07T17:28:55,54,16,0,70
2024-05-07T17:35:28,54,16,0,70
2024-05-07T17:42:02,54,16,0,70
2024-05-07T17:48:35,54,16,0,70
2024-05-07T17:55:07,54,16,0,70
2024-05-07T18:01:40,54,16,0,70
2024-05-07T18:08:13,54,16,0,70
2024-05-07T18:14:46,54,16,0,70
2024-05-07T18:21:19,54,16,0,70
2024-05-07T18:27:51,54,16,0,70
2024-05-07T18:34:24,54,16,0,70
2024-05-07T18:40:57,54,16,0,70
2024-05-07T18:47:30,54,16,0,70
2024-05-07T18:54:14,54,16,0,70
2024-05-07T19:00:47,54,16,0,70
2024-05-07T19:07:20,54,16,0,70
2024-05-07T19:13:53,54,16,0,70
2024-05-07T19:20:26,54,16,0,70
2024-05-07T19:27:00,54,16,0,70
2024-05-07T19:33:32,54,16,0,70
2024-05-07T19:40:05,54,16,0,70
2024-05-07T19:46:38,54,16,0,70
2024-05-07T19:53:11,54,16,0,70
2024-05-07T19:59:44,54,16,0,70
2024-05-07T20:06:22,54,16,0,70
2024-05-07T20:12:54,54,16,0,70
2024-05-07T20:19:27,54,16,0,70
2024-05-07T20:26:00,54,16,0,70
2024-05-07T20:32:33,54,16,0,70
2024-05-07T20:39:06,54,16,0,70
2024-05-07T20:45:39,54,16,0,70
2024-05-07T20:52:12,54,16,0,70
2024-05-07T20:58:44,54,16,0,70
2024-05-07T21:05:17,54,16,0,70
2024-05-07T21:11:53,54,16,0,70
2024-05-07T21:18:27,54,16,0,70
2024-05-07T21:25:00,54,16,0,70
2024-05-07T21:31:33,54,16,0,70
2024-05-07T21:38:07,54,16,0,70
2024-05-07T21:44:50,54,16,0,70
2024-05-07T21:51:23,54,16,0,70
2024-05-07T21:57:56,54,16,0,70
2024-05-07T22:04:30,54,16,0,70
2024-05-07T22:11:03,54,16,0,70
2024-05-07T22:17:35,54,16,0,70
2024-05-07T22:24:09,54,16,0,70
2024-05-07T22:30:41,54,16,0,70
2024-05-07T22:37:14,54,16,0,70
2024-05-07T22:43:47,54,16,0,70
2024-05-07T22:50:20,54,16,0,70
2024-05-07T22:56:53,54,16,0,70
2024-05-07T23:03:26,54,16,0,70
2024-05-07T23:09:59,54,16,0,70
2024-05-07T23:16:32,54,16,0,70
2024-05-07T23:23:05,54,16,0,70
2024-05-07T23:29:38,54,16,0,70
2024-05-07T23:36:11,54,16,0,70
2024-05-07T23:42:44,54,16,0,70
2024-05-07T23:49:17,54,16,0,70
2024-05-07T23:55:50,54,16,0,70
2024-05-08T00:02:24,54,16,0,70
2024-05-08T00:08:58,54,16,0,70
2024-05-08T00:15:31,54,16,0,70
2024-05-08T00:22:05,54,16,0,70
2024-05-08T00:28:40,54,16,0,70
2024-05-08T00:35:14,54,16,0,70
2024-05-08T00:41:47,54,16,0,70
2024-05-08T00:48:22,54,16,0,70
2024-05-08T00:54:56,54,16,0,70
2024-05-08T01:01:32,54,16,0,70
2024-05-08T01:08:07,54,16,0,70
2024-05-08T01:14:50,54,16,0,70
2024-05-08T01:21:24,54,16,0,70
2024-05-08T01:27:57,54,16,0,70
2024-05-08T01:34:31,54,16,0,70
2024-05-08T01:41:04,54,16,0,70
2024-05-08T01:47:37,54,16,0,70
2024-05-08T01:54:10,54,16,0,70
2024-05-08T02:00:43,54,16,0,70
2024-05-08T02:07:16,54,16,0,70
2024-05-08T02:13:48,54,16,0,70
2024-05-08T02:20:21,54,16,0,70
2024-05-08T02:26:54,54,16,0,70
2024-05-08T02:33:27,54,16,0,70
2024-05-08T02:40:00,54,16,0,70
2024-05-08T02:46:32,54,16,0,70
2024-05-08T02:53:05,54,16,0,70
2024-05-08T02:59:38,54,16,0,70
2024-05-08T03:06:11,54,16,0,70
2024-05-08T03:12:43,54,16,0,70
2024-05-08T03:19:16,54,16,0,70
2024-05-08T03:25:49,54,16,0,70
2024-05-08T03:32:22,54,16,0,70
2024-05-08T03:38:54,54,16,0,70
2024-05-08T03:45:27,54,16,0,70
2024-05-08T03:51:59,54,16,0,70
2024-05-08T03:58:32,54,16,0,70
2024-05-08T04:05:05,54,16,0,70
2024-05-08T04:25:45,54,16,0,70
2024-05-08T04:32:41,54,16,0,70
2024-05-08T04:39:15,54,16,0,70
2024-05-08T04:45:48,54,16,0,70
2024-05-08T04:52:21,54,16,0,70
2024-05-08T04:58:56,54,16,0,70
2024-05-08T05:05:29,54,16,0,70
2024-05-08T05:12:03,54,16,0,70
2024-05-08T05:18:38,54,16,0,70
2024-05-08T05:25:12,54,16,0,70
2024-05-08T05:31:46,54,16,0,70
2024-05-08T05:38:20,54,16,0,70
2024-05-08T05:44:54,54,16,0,70
2024-05-08T05:51:28,54,16,0,70
2024-05-08T05:58:01,54,16,0,70
2024-05-08T06:04:34,54,16,0,70
2024-05-08T06:11:10,54,16,0,70
2024-05-08T06:17:43,54,16,0,70
2024-05-08T06:24:16,54,16,0,70
2024-05-08T06:30:49,54,16,0,70
2024-05-08T06:37:22,54,16,0,70
2024-05-08T06:43:55,54,16,0,70
2024-05-08T06:50:28,54,16,0,70
2024-05-08T06:57:03,54,16,0,70
2024-05-08T07:03:39,54,16,0,70
2024-05-08T07:10:13,54,16,0,70
2024-05-08T07:16:46,54,16,0,70
2024-05-08T07:23:20,54,16,0,70
2024-05-08T07:29:55,54,16,0,70
2024-05-08T07:36:28,54,16,0,70
2024-05-08T07:43:01,54,16,0,70
2024-05-08T07:49:35,54,16,0,70
2024-05-08T07:56:08,54,16,0,70
2024-05-08T08:02:41,54,16,0,70
2024-05-08T08:09:14,54,16,0,70
2024-05-08T08:15:48,54,16,0,70
2024-05-08T08:22:21,54,16,0,70
2024-05-08T08:28:55,54,16,0,70
2024-05-08T08:35:28,54,16,0,70
2024-05-08T08:42:01,54,16,0,70
2024-05-08T09:27:39,54,16,0,70
2024-05-08T09:34:12,54,16,0,70
2024-05-08T09:40:45,54,16,0,70
2024-05-08T09:47:18,54,16,0,70
2024-05-08T09:53:52,54,16,0,70
2024-05-08T10:00:25,54,16,0,70
2024-05-08T10:06:58,54,16,0,70
2024-05-08T10:13:31,54,16,0,70
2024-05-08T10:20:05,54,16,0,70
2024-05-08T10:26:38,54,16,0,70
2024-05-08T10:33:13,54,16,0,70
2024-05-08T10:39:46,54,16,0,70
2024-05-08T10:46:22,54,16,0,70
2024-05-08T10:52:55,54,16,0,70
2024-05-08T10:59:28,54,16,0,70
2024-05-08T11:06:01,54,16,0,70
2024-05-08T11:12:34,54,16,0,70
2024-05-08T11:19:07,54,16,0,70
2024-05-08T11:25:40,54,16,0,70
2024-05-08T11:32:23,54,16,0,70
2024-05-08T11:38:57,54,16,0,70
2024-05-08T11:45:30,54,16,0,70
2024-05-08T11:52:03,54,16,0,70
2024-05-08T11:58:36,54,16,0,70
2024-05-08T12:05:08,54,16,0,70
2024-05-08T12:11:41,54,16,0,70
2024-05-08T12:18:13,54,16,0,70
2024-05-08T12:24:46,54,16,0,70
2024-05-08T12:31:18,54,16,0,70
2024-05-08T12:37:51,54,16,0,70
2024-05-08T12:44:24,54,16,0,70
2024-05-08T12:50:57,54,16,0,70
2024-05-08T12:57:30,54,16,0,70
2024-05-08T13:04:06,54,16,0,70
2024-05-08T13:10:39,54,16,0,70
2024-05-08T13:17:12,54,16,0,70
2024-05-08T13:23:57,54,16,0,70
2024-05-08T13:30:30,54,16,0,70
2024-05-08T13:37:02,54,16,0,70
2024-05-08T13:43:35,54,16,0,70
2024-05-08T13:50:07,54,16,0,70
2024-05-08T13:56:40,54,16,0,70
2024-05-08T14:03:15,54,16,0,70
2024-05-08T14:09:48,54,16,0,70
2024-05-08T14:16:20,54,16,0,70
2024-05-08T14:22:55,54,16,0,70
2024-05-08T14:29:27,54,16,0,70
2024-05-08T14:36:00,54,16,0,70
2024-05-08T14:42:32,54,16,0,70
2024-05-08T14:49:05,54,16,0,70
2024-05-08T14:55:38,54,16,0,70
2024-05-08T15:02:11,54,16,0,70
2024-05-08T15:08:44,54,16,0,70
2024-05-08T15:15:17,54,16,0,70
2024-05-08T15:22:01,54,16,0,70
2024-05-08T15:28:34,54,16,0,70
2024-05-08T15:35:07,54,16,0,70
2024-05-08T15:41:40,54,16,0,70
2024-05-08T15:48:13,54,16,0,70
2024-05-08T15:54:45,54,16,0,70
2024-05-08T16:01:18,54,16,0,70
2024-05-08T16:07:51,54,16,0,70
2024-05-08T16:14:23,54,16,0,70
2024-05-08T16:20:56,54,16,0,70
2024-05-08T16:27:28,54,16,0,70
2024-05-08T16:34:01,54,16,0,70
2024-05-08T16:40:34,54,16,0,70
2024-05-08T16:47:06,54,16,0,70
2024-05-08T16:53:39,54,16,0,70
2024-05-08T17:00:11,54,16,0,70
2024-05-08T17:06:44,54,16,0,70
2024-05-08T17:13:18,54,16,0,70
2024-05-08T17:20:02,54,16,0,70
2024-05-08T17:26:35,54,16,0,70
2024-05-08T17:33:07,54,16,0,70
2024-05-08T17:39:40,54,16,0,70
2024-05-08T17:46:13,54,16,0,70
2024-05-08T17:52:46,54,16,0,70
2024-05-08T17:59:18,54,16,0,70
2024-05-08T18:05:51,54,16,0,70
2024-05-08T18:12:24,54,16,0,70
2024-05-08T18:18:56,54,16,0,70
2024-05-08T18:25:29,54,16,0,70
2024-05-08T18:32:01,54,16,0,70
2024-05-08T18:38:34,54,16,0,70
2024-05-08T18:45:07,54,16,0,70
2024-05-08T18:51:40,54,16,0,70
2024-05-08T18:58:13,54,16,0,70
2024-05-08T19:04:46,54,16,0,70
2024-05-08T19:11:19,54,16,0,70
2024-05-08T19:17:52,54,16,0,70
2024-05-08T19:24:24,54,16,0,70
2024-05-08T19:30:57,54,16,0,70
2024-05-08T19:37:29,54,16,0,70
2024-05-08T19:44:02,54,16,0,70
2024-05-08T19:50:44,54,16,0,70
2024-05-08T19:57:16,54,16,0,70
2024-05-08T20:03:56,54,16,0,70
2024-05-08T20:10:29,54,16,0,70
2024-05-08T20:17:02,54,16,0,70
2024-05-08T20:23:34,54,16,0,70
2024-05-08T20:30:07,54,16,0,70
2024-05-08T20:36:40,54,16,0,70
2024-05-08T20:43:12,54,16,0,70
2024-05-08T20:49:45,54,16,0,70
2024-05-08T20:56:18,54,16,0,70
2024-05-08T21:02:52,54,16,0,70
2024-05-08T21:09:24,54,16,0,70
2024-05-08T21:15:57,54,16,0,70
2024-05-08T21:22:30,54,16,0,70
2024-05-08T21:29:03,54,16,0,70
2024-05-08T21:35:35,54,16,0,70
2024-05-08T21:42:09,54,16,0,70
2024-05-08T21:48:42,54,16,0,70
2024-05-08T21:55:14,54,16,0,70
2024-05-08T22:01:47,54,16,0,70
2024-05-08T22:08:19,54,16,0,70
2024-05-08T22:14:51,54,16,0,70
2024-05-08T22:21:23,54,16,0,70
2024-05-08T22:27:55,54,16,0,70
2024-05-08T22:34:27,54,16,0,70
2024-05-08T22:40:59,54,16,0,70
2024-05-08T22:47:31,54,16,0,70
2024-05-08T22:54:03,54,16,0,70
2024-05-08T23:00:36,54,16,0,70
2024-05-08T23:07:08,54,16,0,70
2024-05-08T23:13:40,54,16,0,70
2024-05-08T23:20:22,54,16,0,70
2024-05-08T23:26:53,54,16,0,70
2024-05-08T23:33:25,54,16,0,70
2024-05-08T23:39:57,54,16,0,70
2024-05-08T23:46:29,54,16,0,70
2024-05-08T23:53:01,54,16,0,70
2024-05-08T23:59:33,54,16,0,70
2024-05-09T00:06:06,54,16,0,70
2024-05-09T00:12:38,54,16,0,70
2024-05-09T00:19:12,54,16,0,70
2024-05-09T00:25:45,54,16,0,70
2024-05-09T00:32:17,54,16,0,70
2024-05-09T00:38:51,54,16,0,70
2024-05-09T00:45:25,54,16,0,70
2024-05-09T00:51:58,54,16,0,70
2024-05-09T00:58:32,54,16,0,70
2024-05-09T01:05:05,54,16,0,70
2024-05-09T01:11:38,54,16,0,70
2024-05-09T01:18:11,54,16,0,70
2024-05-09T01:24:44,54,16,0,70
2024-05-09T01:31:18,54,16,0,70
2024-05-09T01:37:52,54,16,0,70
2024-05-09T01:44:27,54,16,0,70
2024-05-09T01:51:01,54,16,0,70
2024-05-09T01:57:33,54,16,0,70
2024-05-09T02:04:07,54,16,0,70
2024-05-09T02:10:39,54,16,0,70
2024-05-09T02:17:13,54,16,0,70
2024-05-09T02:23:46,54,16,0,70
2024-05-09T02:30:19,54,16,0,70
2024-05-09T02:36:51,54,16,0,70
2024-05-09T02:43:24,54,16,0,70
2024-05-09T02:49:57,54,16,0,70
2024-05-09T02:56:34,54,16,0,70
2024-05-09T03:03:08,54,16,0,70
2024-05-09T03:09:41,55,15,0,70
2024-05-09T03:16:13,55,15,0,70
2024-05-09T03:22:48,55,15,0,70
2024-05-09T03:29:20,55,15,0,70
2024-05-09T03:35:53,55,15,0,70
2024-05-09T03:42:26,55,15,0,70
2024-05-09T03:48:58,55,15,0,70
2024-05-09T03:55:31,55,15,0,70
2024-05-09T04:02:04,55,15,0,70
2024-05-09T04:08:39,55,15,0,70
2024-05-09T04:15:13,55,15,0,70
2024-05-09T04:29:55,55,15,0,70
2024-05-09T04:36:50,55,15,0,70
2024-05-09T04:43:24,55,15,0,70
2024-05-09T04:49:57,55,15,0,70
2024-05-09T04:56:30,55,15,0,70
2024-05-09T05:03:03,55,15,0,70
2024-05-09T05:09:38,55,15,0,70
2024-05-09T05:16:16,55,15,0,70
2024-05-09T05:22:50,55,15,0,70
2024-05-09T05:29:23,55,15,0,70
2024-05-09T05:35:56,55,15,0,70
2024-05-09T05:42:30,55,15,0,70
2024-05-09T05:49:04,55,15,0,70
2024-05-09T05:55:36,55,15,0,70
2024-05-09T06:02:12,55,15,0,70
2024-05-09T06:08:44,55,15,0,70
2024-05-09T06:15:17,55,15,0,70
2024-05-09T06:21:50,55,15,0,70
2024-05-09T06:28:23,55,15,0,70
2024-05-09T06:34:56,55,15,0,70
2024-05-09T06:41:29,55,15,0,70
2024-05-09T06:48:01,55,15,0,70
2024-05-09T06:54:35,55,15,0,70
2024-05-09T07:01:10,55,15,0,70
2024-05-09T07:07:45,55,15,0,70
2024-05-09T07:14:19,55,15,0,70
2024-05-09T07:20:52,55,15,0,70
2024-05-09T07:27:25,55,15,0,70
2024-05-09T07:33:58,55,15,0,70
2024-05-09T07:40:31,55,15,0,70
2024-05-09T07:47:04,55,15,0,70
2024-05-09T07:53:37,55,15,0,70
2024-05-09T08:00:10,55,15,0,70
2024-05-09T08:06:43,55,15,0,70
2024-05-09T08:13:18,55,15,0,70
2024-05-09T08:19:51,55,15,0,70
2024-05-09T08:26:25,55,15,0,70
2024-05-09T08:32:58,55,15,0,70
2024-05-09T08:39:31,55,15,0,70
2024-05-09T08:46:04,55,15,0,70
2024-05-09T08:52:38,55,15,0,70
2024-05-09T08:59:12,55,15,0,70
2024-05-09T09:05:45,55,15,0,70
2024-05-09T09:12:17,55,15,0,70
2024-05-09T09:18:50,55,15,0,70
2024-05-09T09:25:23,55,15,0,70
2024-05-09T09:31:56,55,15,0,70
2024-05-09T09:38:29,55,15,0,70
2024-05-09T09:45:11,55,15,0,70
2024-05-09T09:51:44,55,15,0,70
2024-05-09T09:58:17,55,15,0,70
2024-05-09T10:04:50,55,15,0,70
2024-05-09T10:11:23,55,15,0,70
2024-05-09T10:17:56,55,15,0,70
2024-05-09T10:24:31,55,15,0,70
2024-05-09T10:31:05,55,15,0,70
2024-05-09T10:37:39,55,15,0,70
2024-05-09T10:44:13,55,15,0,70
2024-05-09T10:50:47,55,15,0,70
2024-05-09T10:57:21,55,15,0,70
2024-05-09T11:03:56,55,15,0,70
2024-05-09T11:10:29,55,15,0,70
2024-05-09T11:17:03,55,15,0,70
2024-05-09T11:23:38,55,15,0,70
2024-05-09T11:30:11,55,15,0,70
2024-05-09T11:36:45,55,15,0,70
2024-05-09T11:43:19,55,15,0,70
2024-05-09T11:49:54,55,15,0,70
2024-05-09T11:56:30,55,15,0,70
2024-05-09T12:03:08,55,15,0,70
2024-05-09T12:09:45,55,15,0,70
2024-05-09T12:16:32,55,15,0,70
2024-05-09T12:23:08,55,15,0,70
2024-05-09T12:29:44,55,15,0,70
2024-05-09T12:36:20,55,15,0,70
2024-05-09T12:42:56,55,15,0,70
2024-05-09T12:49:32,55,15,0,70
2024-05-09T12:56:08,55,15,0,70
2024-05-09T13:02:44,55,15,0,70
2024-05-09T13:09:20,55,15,0,70
2024-05-09T13:15:56,55,15,0,70
2024-05-09T13:22:33,55,15,0,70
2024-05-09T13:29:09,55,15,0,70
2024-05-09T13:35:44,55,15,0,70
2024-05-09T13:42:20,55,15,0,70
2024-05-09T13:48:54,55,15,0,70
2024-05-09T13:55:28,55,15,0,70
2024-05-09T14:02:02,55,15,0,70
2024-05-09T14:08:36,55,15,0,70
2024-05-09T14:15:10,55,15,0,70
2024-05-09T14:21:44,55,15,0,70
2024-05-09T14:36:14,55,15,0,70
2024-05-09T14:42:47,55,15,0,70
2024-05-09T14:49:22,55,15,0,70
2024-05-09T14:55:56,55,15,0,70
2024-05-09T15:02:30,55,15,0,70
2024-05-09T15:09:05,55,15,0,70
2024-05-09T15:15:41,55,15,0,70
2024-05-09T15:22:15,55,15,0,70
2024-05-09T15:28:49,55,15,0,70
2024-05-09T15:35:23,55,15,0,70
2024-05-09T15:41:57,55,15,0,70
2024-05-09T15:48:31,55,15,0,70
2024-05-09T15:55:06,55,15,0,70
2024-05-09T16:01:40,55,15,0,70
2024-05-09T16:09:39,55,15,0,70
2024-05-09T16:16:13,55,15,0,70
2024-05-09T16:22:47,55,15,0,70
2024-05-09T16:29:22,55,15,0,70
2024-05-09T16:35:55,55,15,0,70
2024-05-09T16:42:30,55,15,0,70
2024-05-09T16:49:04,55,15,0,70
2024-05-09T16:55:38,55,15,0,70
2024-05-09T17:02:12,55,15,0,70
2024-05-09T17:08:46,55,15,0,70
2024-05-09T17:15:21,55,15,0,70
2024-05-09T17:21:55,55,15,0,70
2024-05-09T17:28:35,55,15,0,70
2024-05-09T17:35:10,55,15,0,70
2024-05-09T17:41:44,55,15,0,70
2024-05-09T17:48:18,55,15,0,70
2024-05-09T17:54:53,55,15,0,70
2024-05-09T18:01:27,55,15,0,70
2024-05-09T18:08:01,55,15,0,70
2024-05-09T18:14:35,55,15,0,70
2024-05-09T18:21:09,55,15,0,70
2024-05-09T18:27:48,55,15,0,70
2024-05-09T18:34:22,55,15,0,70
2024-05-09T18:40:56,55,15,0,70
2024-05-09T18:47:30,55,15,0,70
2024-05-09T18:54:04,55,15,0,70
2024-05-09T19:00:37,55,15,0,70
2024-05-09T19:07:23,55,15,0,70
2024-05-09T19:13:57,55,15,0,70
2024-05-09T19:20:31,55,15,0,70
2024-05-09T19:27:05,55,15,0,70
2024-05-09T19:33:39,55,15,0,70
2024-05-09T19:40:13,55,15,0,70
2024-05-09T19:46:47,55,15,0,70
2024-05-09T19:53:21,55,15,0,70
2024-05-09T19:59:55,55,15,0,70
2024-05-09T20:06:37,55,15,0,70
2024-05-09T20:13:11,55,15,0,70
2024-05-09T20:19:45,55,15,0,70
2024-05-09T20:26:19,55,15,0,70
2024-05-09T20:32:53,55,15,0,70
2024-05-09T20:39:27,55,15,0,70
2024-05-09T20:46:01,55,15,0,70
2024-05-09T20:52:34,55,15,0,70
2024-05-09T20:59:08,55,15,0,70
2024-05-09T21:05:43,55,15,0,70
2024-05-09T21:12:17,55,15,0,70
2024-05-09T21:18:51,55,15,0,70
2024-05-09T21:25:25,55,15,0,70
2024-05-09T21:31:59,55,15,0,70
2024-05-09T21:38:33,55,15,0,70
2024-05-09T21:45:10,55,15,0,70
2024-05-09T21:51:46,55,15,0,70
2024-05-09T21:58:21,55,15,0,70
2024-05-09T22:04:56,55,15,0,70
2024-05-09T22:11:30,55,15,0,70
2024-05-09T22:18:04,55,15,0,70
2024-05-09T22:24:49,55,15,0,70
2024-05-09T22:31:24,55,15,0,70
2024-05-09T22:37:58,55,15,0,70
2024-05-09T22:44:32,55,15,0,70
2024-05-09T22:51:06,55,15,0,70
2024-05-09T22:57:40,55,15,0,70
2024-05-09T23:04:15,55,15,0,70
2024-05-09T23:10:49,55,15,0,70
2024-05-09T23:17:23,55,15,0,70
2024-05-09T23:23:58,55,15,0,70
2024-05-09T23:30:32,55,15,0,70
2024-05-09T23:37:06,55,15,0,70
2024-05-09T23:43:42,55,15,0,70
2024-05-09T23:50:16,55,15,0,70
2024-05-09T23:56:51,55,15,0,70
2024-05-10T00:03:26,55,15,0,70
2024-05-10T00:10:01,55,15,0,70
2024-05-10T00:16:36,55,15,0,70
2024-05-10T00:23:12,55,15,0,70
2024-05-10T00:29:50,55,15,0,70
2024-05-10T00:36:26,55,15,0,70
2024-05-10T00:43:03,55,15,0,70
2024-05-10T00:49:38,55,15,0,70
2024-05-10T00:56:13,55,15,0,70
2024-05-10T01:02:47,55,15,0,70
2024-05-10T01:09:22,55,15,0,70
2024-05-10T01:15:57,55,15,0,70
2024-05-10T01:22:32,55,15,0,70
2024-05-10T01:29:06,55,15,0,70
2024-05-10T01:35:41,55,15,0,70
2024-05-10T01:42:16,55,15,0,70
2024-05-10T01:48:50,54,16,0,70
2024-05-10T01:55:26,54,16,0,70
2024-05-10T02:02:00,54,16,0,70
2024-05-10T02:08:35,54,16,0,70
2024-05-10T02:15:10,54,16,0,70
2024-05-10T02:21:53,54,16,0,70
2024-05-10T02:28:28,54,16,0,70
2024-05-10T02:35:03,54,16,0,70
2024-05-10T02:41:37,54,16,0,70
2024-05-10T02:48:12,54,16,0,70
2024-05-10T02:54:46,54,16,0,70
2024-05-10T03:01:20,54,16,0,70
2024-05-10T03:07:56,54,16,0,70
2024-05-10T03:14:30,54,16,0,70
2024-05-10T03:21:04,54,16,0,70
2024-05-10T03:27:39,54,16,0,70
2024-05-10T03:34:13,54,16,0,70
2024-05-10T03:40:48,54,16,0,70
2024-05-10T03:47:22,54,16,0,70
2024-05-10T03:53:57,54,16,0,70
2024-05-10T04:00:32,54,16,0,70
2024-05-10T04:07:06,54,16,0,70
2024-05-10T04:13:40,54,16,0,70
2024-05-10T04:30:47,54,16,0,70
2024-05-10T04:37:22,54,16,0,70
2024-05-10T04:45:06,54,16,0,70
2024-05-10T04:51:57,54,16,0,70
2024-05-10T04:58:31,54,16,0,70
2024-05-10T05:05:09,54,16,0,70
2024-05-10T05:11:44,54,16,0,70
2024-05-10T05:18:18,54,16,0,70
2024-05-10T05:24:52,54,16,0,70
2024-05-10T05:31:26,54,16,0,70
2024-05-10T05:38:00,54,16,0,70
2024-05-10T05:44:36,54,16,0,70
2024-05-10T05:51:10,54,16,0,70
2024-05-10T05:57:44,54,16,0,70
2024-05-10T06:04:18,54,16,0,70
2024-05-10T06:10:52,54,16,0,70
2024-05-10T06:17:29,54,16,0,70
2024-05-10T06:24:03,54,16,0,70
2024-05-10T06:30:37,54,16,0,70
2024-05-10T06:37:11,54,16,0,70
2024-05-10T06:43:45,54,16,0,70
2024-05-10T06:50:19,54,16,0,70
2024-05-10T06:56:53,54,16,0,70
2024-05-10T07:03:28,54,16,0,70
2024-05-10T07:10:02,54,16,0,70
2024-05-10T07:16:36,54,16,0,70
2024-05-10T07:23:10,54,16,0,70
2024-05-10T07:29:44,54,16,0,70
2024-05-10T07:36:18,54,16,0,70
2024-05-10T07:42:51,54,16,0,70
2024-05-10T07:49:25,54,16,0,70
2024-05-10T07:55:59,54,16,0,70
2024-05-10T08:02:32,54,16,0,70
2024-05-10T08:09:06,54,16,0,70
2024-05-10T08:15:40,54,16,0,70
2024-05-10T08:22:14,54,16,0,70
2024-05-10T08:28:47,54,16,0,70
2024-05-10T08:35:21,54,16,0,70
2024-05-10T08:41:55,54,16,0,70
2024-05-10T08:48:28,54,16,0,70
2024-05-10T08:55:02,54,16,0,70
2024-05-10T09:01:42,54,16,0,70
2024-05-10T09:08:16,54,16,0,70
2024-05-10T09:14:50,54,16,0,70
2024-05-10T09:21:25,54,16,0,70
2024-05-10T09:27:58,54,16,0,70
2024-05-10T09:34:32,54,16,0,70
2024-05-10T09:41:06,54,16,0,70
2024-05-10T09:47:40,54,16,0,70
2024-05-10T09:54:14,54,16,0,70
2024-05-10T10:00:48,54,16,0,70
2024-05-10T10:07:22,54,16,0,70
2024-05-10T10:13:56,54,16,0,70
2024-05-10T10:20:30,54,16,0,70
2024-05-10T10:27:04,54,16,0,70
2024-05-10T10:33:37,54,16,0,70
2024-05-10T10:40:11,54,16,0,70
2024-05-10T10:46:45,54,16,0,70
2024-05-10T10:53:19,54,16,0,70
2024-05-10T10:59:53,54,16,0,70
2024-05-10T11:06:27,54,16,0,70
2024-05-10T11:13:01,54,16,0,70
2024-05-10T11:19:35,54,16,0,70
2024-05-10T11:26:09,54,16,0,70
2024-05-10T11:32:43,54,16,0,70
2024-05-10T11:39:17,54,16,0,70
2024-05-10T11:45:51,54,16,0,70
2024-05-10T11:52:25,54,16,0,70
2024-05-10T11:58:59,54,16,0,70
2024-05-10T12:05:33,54,16,0,70
2024-05-10T12:12:17,54,16,0,70
2024-05-10T12:18:51,54,16,0,70
2024-05-10T12:25:25,54,16,0,70
2024-05-10T12:31:59,54,16,0,70
2024-05-10T12:38:33,54,16,0,70
2024-05-10T12:45:07,54,16,0,70
2024-05-10T12:51:41,54,16,0,70
2024-05-10T12:58:15,54,16,0,70
2024-05-10T13:04:49,54,16,0,70
2024-05-10T13:11:23,54,16,0,70
2024-05-10T13:17:57,54,16,0,70
2024-05-10T13:24:30,54,16,0,70
2024-05-10T13:31:04,54,16,0,70
2024-05-10T13:37:38,54,16,0,70
2024-05-10T13:44:13,54,16,0,70
2024-05-10T13:50:57,54,16,0,70
2024-05-10T13:57:31,54,16,0,70
2024-05-10T14:04:05,54,16,0,70
2024-05-10T14:10:39,55,15,0,70
2024-05-10T14:17:13,55,15,0,70
2024-05-10T14:23:47,55,15,0,70
2024-05-10T14:30:21,55,15,0,70
2024-05-10T14:36:55,55,15,0,70
2024-05-10T14:43:29,55,15,0,70
2024-05-10T14:50:02,55,15,0,70
2024-05-10T14:56:36,55,15,0,70
2024-05-10T15:03:10,55,15,0,70
2024-05-10T15:09:44,55,15,0,70
2024-05-10T15:16:18,55,15,0,70
2024-05-10T15:23:02,55,15,0,70
2024-05-10T15:29:35,55,15,0,70
2024-05-10T15:36:09,55,15,0,70
2024-05-10T15:42:44,55,15,0,70
2024-05-10T15:49:20,55,15,0,70
2024-05-10T15:55:56,55,15,0,70
2024-05-10T16:02:32,55,15,0,70
2024-05-10T16:09:08,55,15,0,70
2024-05-10T16:15:44,55,15,0,70
2024-05-10T16:22:20,55,15,0,70
2024-05-10T16:28:55,55,15,0,70
2024-05-10T16:35:31,55,15,0,70
2024-05-10T16:42:07,56,14,0,70
2024-05-10T16:48:43,56,14,0,70
2024-05-10T16:55:19,56,14,0,70
2024-05-10T17:01:55,56,14,0,70
2024-05-10T17:08:31,56,14,0,70
2024-05-10T17:15:07,56,14,0,70
2024-05-10T17:21:43,56,14,0,70
2024-05-10T17:28:19,56,14,0,70
2024-05-10T17:34:55,56,14,0,70
2024-05-10T17:41:31,56,14,0,70
2024-05-10T17:48:06,56,14,0,70
2024-05-10T17:54:42,56,14,0,70
2024-05-10T18:01:18,56,14,0,70
2024-05-10T18:07:54,56,14,0,70
2024-05-10T18:14:30,56,14,0,70
2024-05-10T18:21:18,56,14,0,70
2024-05-10T18:27:54,56,14,0,70
2024-05-10T18:34:30,56,14,0,70
2024-05-10T18:41:06,56,14,0,70
2024-05-10T18:47:41,56,14,0,70
2024-05-10T18:54:17,56,14,0,70
2024-05-10T19:00:54,56,14,0,70
2024-05-10T19:07:30,56,14,0,70
2024-05-10T19:14:06,56,14,0,70
2024-05-10T19:20:41,56,14,0,70
2024-05-10T19:27:17,56,14,0,70
2024-05-10T19:33:53,56,14,0,70
2024-05-10T19:40:29,56,14,0,70
2024-05-10T19:47:05,56,14,0,70
2024-05-10T19:53:41,56,14,0,70
2024-05-10T20:00:17,56,14,0,70
2024-05-10T20:06:53,56,14,0,70
2024-05-10T20:13:29,56,14,0,70
2024-05-10T20:20:05,56,14,0,70
2024-05-10T20:26:40,56,14,0,70
2024-05-10T20:33:16,56,14,0,70
2024-05-10T20:39:53,56,14,0,70
2024-05-10T20:46:28,56,14,0,70
2024-05-10T20:53:04,56,14,0,70
2024-05-10T20:59:40,56,14,0,70
2024-05-10T21:06:15,56,14,0,70
2024-05-10T21:12:52,56,14,0,70
2024-05-10T21:19:38,56,14,0,70
2024-05-10T21:26:16,56,14,0,70
2024-05-10T21:32:52,56,14,0,70
2024-05-10T21:39:30,56,14,0,70
2024-05-10T21:46:10,56,14,0,70
2024-05-10T21:52:48,56,14,0,70
2024-05-10T21:59:24,56,14,0,70
2024-05-10T22:06:01,56,14,0,70
2024-05-10T22:12:36,56,14,0,70
2024-05-10T22:19:12,56,14,0,70
2024-05-10T22:25:48,56,14,0,70
2024-05-10T22:32:26,56,14,0,70
2024-05-10T22:39:02,56,14,0,70
2024-05-10T22:45:38,56,14,0,70
2024-05-10T22:52:14,56,14,0,70
2024-05-10T22:58:50,56,14,0,70
2024-05-10T23:05:26,56,14,0,70
2024-05-10T23:12:02,56,14,0,70
2024-05-10T23:18:38,56,14,0,70
2024-05-10T23:25:14,56,14,0,70
2024-05-10T23:31:50,56,14,0,70
2024-05-10T23:38:26,56,14,0,70
2024-05-10T23:45:02,56,14,0,70
2024-05-10T23:51:39,56,14,0,70
2024-05-10T23:58:15,56,14,0,70
2024-05-11T00:04:51,56,14,0,70
2024-05-11T00:11:28,56,14,0,70
2024-05-11T00:18:05,56,14,0,70
2024-05-11T00:24:43,56,14,0,70
2024-05-11T00:31:19,56,14,0,70
2024-05-11T00:37:56,56,14,0,70
2024-05-11T00:44:42,56,14,0,70
2024-05-11T00:51:20,56,14,0,70
2024-05-11T00:57:57,56,14,0,70
2024-05-11T01:04:33,56,14,0,70
2024-05-11T01:11:10,56,14,0,70
2024-05-11T01:17:47,56,14,0,70
2024-05-11T01:24:23,56,14,0,70
2024-05-11T01:30:59,56,14,0,70
2024-05-11T01:37:36,56,14,0,70
2024-05-11T01:44:13,56,14,0,70
2024-05-11T01:50:50,56,14,0,70
2024-05-11T01:57:27,56,14,0,70
2024-05-11T02:04:03,56,14,0,70
2024-05-11T02:10:39,56,14,0,70
2024-05-11T02:17:15,56,14,0,70
2024-05-11T02:23:52,56,14,0,70
2024-05-11T02:30:28,56,14,0,70
2024-05-11T02:37:06,56,14,0,70
2024-05-11T02:43:42,56,14,0,70
2024-05-11T02:50:18,56,14,0,70
2024-05-11T02:56:55,56,14,0,70
2024-05-11T03:03:31,56,14,0,70
2024-05-11T03:10:07,56,14,0,70
2024-05-11T03:16:43,56,14,0,70
2024-05-11T03:23:19,56,14,0,70
2024-05-11T03:29:55,56,14,0,70
2024-05-11T03:36:31,56,14,0,70
2024-05-11T03:43:07,56,14,0,70
2024-05-11T03:49:44,56,14,0,70
2024-05-11T03:56:20,56,14,0,70
2024-05-11T04:02:56,56,14,0,70
2024-05-11T11:43:08,56,14,0,70
2024-05-11T11:49:45,56,14,0,70
2024-05-11T11:56:22,56,14,0,70
2024-05-11T12:02:59,56,14,0,70
2024-05-11T12:09:36,56,14,0,70
2024-05-11T12:16:13,56,14,0,70
2024-05-11T12:22:50,56,14,0,70
2024-05-11T12:29:39,56,14,0,70
2024-05-11T12:36:15,56,14,0,70
2024-05-11T12:42:52,56,14,0,70
2024-05-11T12:49:29,56,14,0,70
2024-05-11T12:56:06,56,14,0,70
2024-05-11T13:02:43,56,14,0,70
2024-05-11T13:09:20,56,14,0,70
2024-05-11T13:15:56,56,14,0,70
2024-05-11T13:22:33,56,14,0,70
2024-05-11T13:29:10,56,14,0,70
2024-05-11T13:35:47,56,14,0,70
2024-05-11T13:42:23,56,14,0,70
2024-05-11T13:49:00,56,14,0,70
2024-05-11T13:55:37,56,14,0,70
2024-05-11T14:02:14,56,14,0,70
2024-05-11T14:08:50,56,14,0,70
2024-05-11T14:15:27,56,14,0,70
2024-05-11T14:22:14,56,14,0,70
2024-05-11T14:29:10,56,14,0,70
2024-05-11T14:35:47,56,14,0,70
2024-05-11T14:42:23,56,14,0,70
2024-05-11T14:49:00,56,14,0,70
2024-05-11T14:55:37,56,14,0,70
2024-05-11T15:02:13,56,14,0,70
2024-05-11T15:08:50,56,14,0,70
2024-05-11T15:15:26,56,14,0,70
2024-05-11T15:22:03,56,14,0,70
2024-05-11T15:28:40,56,14,0,70
2024-05-11T15:35:16,56,14,0,70
2024-05-11T15:41:53,56,14,0,70
2024-05-11T15:48:30,56,14,0,70
2024-05-11T15:55:15,56,14,0,70
2024-05-11T16:01:53,56,14,0,70
2024-05-11T16:08:30,56,14,0,70
2024-05-11T16:15:07,56,14,0,70
2024-05-11T16:21:44,56,14,0,70
2024-05-11T16:28:21,56,14,0,70
2024-05-11T16:34:57,56,14,0,70
2024-05-11T16:41:34,56,14,0,70
2024-05-11T16:48:11,56,14,0,70
2024-05-11T16:54:48,56,14,0,70
2024-05-11T17:01:25,56,14,0,70
2024-05-11T17:08:02,57,13,0,70
2024-05-11T17:14:39,57,13,0,70
2024-05-11T17:21:15,57,13,0,70
2024-05-11T17:27:52,57,13,0,70
2024-05-11T17:34:30,57,13,0,70
2024-05-11T17:41:06,57,13,0,70
2024-05-11T17:47:43,57,13,0,70
2024-05-11T17:54:20,57,13,0,70
2024-05-11T18:00:57,57,13,0,70
2024-05-11T18:07:34,57,13,0,70
2024-05-11T18:14:11,57,13,0,70
2024-05-11T18:20:48,57,13,0,70
2024-05-11T18:27:25,57,13,0,70
2024-05-11T18:34:02,57,13,0,70
2024-05-11T18:40:38,57,13,0,70
2024-05-11T18:47:16,57,13,0,70
2024-05-11T18:53:53,57,13,0,70
2024-05-11T19:00:30,57,13,0,70
2024-05-11T19:07:07,57,13,0,70
2024-05-11T19:13:43,57,13,0,70
2024-05-11T19:20:20,57,13,0,70
2024-05-11T19:26:57,57,13,0,70
2024-05-11T19:33:34,57,13,0,70
2024-05-11T19:40:10,57,13,0,70
2024-05-11T19:46:47,57,13,0,70
2024-05-11T19:53:24,57,13,0,70
2024-05-11T20:00:01,57,13,0,70
2024-05-11T20:06:38,57,13,0,70
2024-05-11T20:13:14,57,13,0,70
2024-05-11T20:19:51,57,13,0,70
2024-05-11T20:26:28,57,13,0,70
2024-05-11T20:33:04,57,13,0,70
2024-05-11T20:39:41,57,13,0,70
2024-05-11T20:46:29,57,13,0,70
2024-05-11T20:53:05,57,13,0,70
2024-05-11T20:59:42,57,13,0,70
2024-05-11T21:06:20,57,13,0,70
2024-05-11T21:12:57,57,13,0,70
2024-05-11T21:19:34,57,13,0,70
2024-05-11T21:26:10,57,13,0,70
2024-05-11T21:32:47,57,13,0,70
2024-05-11T21:39:25,57,13,0,70
2024-05-11T21:46:08,57,13,0,70
2024-05-11T21:52:45,57,13,0,70
2024-05-11T21:59:22,57,13,0,70
2024-05-11T22:05:59,57,13,0,70
2024-05-11T22:12:36,57,13,0,70
2024-05-11T22:19:13,57,13,0,70
2024-05-11T22:25:49,57,13,0,70
2024-05-11T22:32:26,57,13,0,70
2024-05-11T22:39:03,57,13,0,70
2024-05-11T22:45:40,57,13,0,70
2024-05-11T22:52:17,57,13,0,70
2024-05-11T22:58:53,57,13,0,70
2024-05-11T23:05:31,57,13,0,70
2024-05-11T23:12:08,57,13,0,70
2024-05-11T23:18:45,57,13,0,70
2024-05-11T23:25:22,57,13,0,70
2024-05-11T23:31:59,57,13,0,70
2024-05-11T23:38:36,57,13,0,70
2024-05-11T23:45:13,57,13,0,70
2024-05-11T23:52:00,57,13,0,70
2024-05-11T23:58:37,57,13,0,70
2024-05-12T05:48:26,57,13,0,70
2024-05-12T05:55:05,57,13,0,70
2024-05-12T06:01:43,57,13,0,70
2024-05-12T06:08:22,57,13,0,70
2024-05-12T06:15:00,57,13,0,70
2024-05-12T06:21:37,57,13,0,70
2024-05-12T06:28:15,57,13,0,70
2024-05-12T06:34:52,57,13,0,70
2024-05-12T06:41:29,57,13,0,70
2024-05-12T06:48:13,57,13,0,70
2024-05-12T06:54:57,57,13,0,70
2024-05-12T07:01:34,57,13,0,70
2024-05-12T07:08:11,57,13,0,70
2024-05-12T07:14:48,57,13,0,70
2024-05-12T07:21:25,57,13,0,70
2024-05-12T07:28:01,57,13,0,70
2024-05-12T07:34:38,57,13,0,70
2024-05-12T07:41:15,57,13,0,70
2024-05-12T07:47:54,57,13,0,70
2024-05-12T07:54:30,57,13,0,70
2024-05-12T08:01:07,57,13,0,70
2024-05-12T08:07:44,57,13,0,70
2024-05-12T08:14:21,57,13,0,70
2024-05-12T08:20:59,57,13,0,70
2024-05-12T08:27:37,57,13,0,70
2024-05-12T08:34:13,57,13,0,70
2024-05-12T08:40:50,57,13,0,70
2024-05-12T08:47:27,57,13,0,70
2024-05-12T08:54:04,57,13,0,70
2024-05-12T09:00:40,57,13,0,70
2024-05-12T09:07:17,57,13,0,70
2024-05-12T09:13:54,57,13,0,70
2024-05-12T09:20:33,57,13,0,70
2024-05-12T09:27:10,57,13,0,70
2024-05-12T09:33:46,57,13,0,70
2024-05-12T09:40:23,57,13,0,70
2024-05-12T09:46:59,57,13,0,70
2024-05-12T09:53:36,57,13,0,70
2024-05-12T10:00:13,57,13,0,70
2024-05-12T10:06:50,57,13,0,70
2024-05-12T10:13:28,57,13,0,70
2024-05-12T10:20:05,57,13,0,70
2024-05-12T10:26:42,57,13,0,70
2024-05-12T10:33:20,57,13,0,70
2024-05-12T10:39:58,57,13,0,70
2024-05-12T10:46:36,57,13,0,70
2024-05-12T10:53:13,57,13,0,70
2024-05-12T10:59:59,57,13,0,70
2024-05-12T11:06:36,57,13,0,70
2024-05-12T11:13:13,57,13,0,70
2024-05-12T11:19:50,57,13,0,70
2024-05-12T11:26:27,57,13,0,70
2024-05-12T11:33:03,57,13,0,70
2024-05-12T11:39:41,57,13,0,70
2024-05-12T11:46:17,57,13,0,70
2024-05-12T11:52:54,57,13,0,70
2024-05-12T11:59:31,57,13,0,70
2024-05-12T12:06:08,57,13,0,70
2024-05-12T12:12:46,57,13,0,70
2024-05-12T12:19:23,57,13,0,70
2024-05-12T12:25:59,57,13,0,70
2024-05-12T12:32:36,57,13,0,70
2024-05-12T12:39:12,57,13,0,70
2024-05-12T12:45:49,57,13,0,70
2024-05-12T12:52:26,57,13,0,70
2024-05-12T12:59:03,57,13,0,70
2024-05-12T13:05:40,57,13,0,70
2024-05-12T13:12:16,57,13,0,70
2024-05-12T13:18:53,57,13,0,70
2024-05-12T13:25:30,57,13,0,70
2024-05-12T13:32:07,57,13,0,70
2024-05-12T13:38:43,57,13,0,70
2024-05-12T13:45:20,57,13,0,70
2024-05-12T13:51:57,57,13,0,70
2024-05-12T13:58:34,57,13,0,70
2024-05-12T14:05:11,57,13,0,70
2024-05-12T14:11:57,57,13,0,70
2024-05-12T14:18:33,57,13,0,70
2024-05-12T14:25:11,57,13,0,70
2024-05-12T14:31:48,57,13,0,70
2024-05-12T14:38:24,57,13,0,70
2024-05-12T14:45:01,57,13,0,70
2024-05-12T14:51:38,57,13,0,70
2024-05-12T14:58:14,57,13,0,70
2024-05-12T15:04:51,57,13,0,70
2024-05-12T15:11:27,57,13,0,70
2024-05-12T15:18:05,57,13,0,70
2024-05-12T15:24:41,57,13,0,70
2024-05-12T15:31:18,57,13,0,70
2024-05-12T15:37:54,57,13,0,70
2024-05-12T15:44:31,57,13,0,70
2024-05-12T15:51:08,57,13,0,70
2024-05-12T15:57:44,57,13,0,70
2024-05-12T16:04:21,57,13,0,70
2024-05-12T16:10:58,57,13,0,70
2024-05-12T16:17:35,57,13,0,70
2024-05-12T16:24:12,57,13,0,70
2024-05-12T16:30:48,57,13,0,70
2024-05-12T16:37:25,57,13,0,70
2024-05-12T16:44:02,57,13,0,70
2024-05-12T16:50:39,57,13,0,70
2024-05-12T16:57:16,57,13,0,70
2024-05-12T17:03:53,57,13,0,70
2024-05-12T17:10:29,57,13,0,70
2024-05-12T17:17:07,57,13,0,70
2024-05-12T17:23:44,57,13,0,70
2024-05-12T17:30:20,57,13,0,70
2024-05-12T17:36:57,57,13,0,70
2024-05-12T17:43:35,57,13,0,70
2024-05-12T17:50:20,57,13,0,70
2024-05-12T17:56:58,57,13,0,70
2024-05-12T18:03:35,57,13,0,70
2024-05-12T18:10:13,57,13,0,70
2024-05-12T18:16:49,57,13,0,70
2024-05-12T18:23:27,57,13,0,70
2024-05-12T18:30:03,57,13,0,70
2024-05-12T18:36:41,57,13,0,70
2024-05-12T18:43:19,57,13,0,70
2024-05-12T18:49:56,57,13,0,70
2024-05-12T18:56:33,57,13,0,70
2024-05-12T19:03:10,57,13,0,70
2024-05-12T19:09:48,57,13,0,70
2024-05-12T19:16:24,57,13,0,70
2024-05-12T19:23:01,57,13,0,70
2024-05-12T19:29:39,57,13,0,70
2024-05-12T19:36:16,57,13,0,70
2024-05-12T19:42:54,57,13,0,70
2024-05-12T19:49:31,57,13,0,70
2024-05-12T19:56:08,57,13,0,70
2024-05-12T20:02:44,57,13,0,70
2024-05-12T20:09:21,57,13,0,70
2024-05-12T20:15:59,57,13,0,70
2024-05-12T20:22:35,57,13,0,70
2024-05-12T20:29:12,57,13,0,70
2024-05-12T20:35:49,57,13,0,70
2024-05-12T20:42:26,57,13,0,70
2024-05-12T20:49:03,57,13,0,70
2024-05-12T20:55:39,57,13,0,70
2024-05-12T21:02:16,57,13,0,70
2024-05-12T21:08:53,57,13,0,70
2024-05-12T21:15:30,57,13,0,70
2024-05-12T21:22:08,57,13,0,70
2024-05-12T21:28:45,57,13,0,70
2024-05-12T21:35:31,57,13,0,70
2024-05-12T21:42:08,57,13,0,70
2024-05-12T21:48:48,57,13,0,70
2024-05-12T21:55:24,57,13,0,70
2024-05-12T22:02:02,57,13,0,70
2024-05-12T22:08:38,57,13,0,70
2024-05-12T22:15:15,57,13,0,70
2024-05-12T22:21:52,57,13,0,70
2024-05-12T22:28:28,57,13,0,70
2024-05-12T22:35:05,57,13,0,70
2024-05-12T22:41:42,57,13,0,70
2024-05-12T22:48:19,57,13,0,70
2024-05-12T22:54:56,57,13,0,70
2024-05-12T23:01:34,57,13,0,70
2024-05-12T23:08:11,57,13,0,70
2024-05-12T23:14:49,57,13,0,70
2024-05-12T23:21:26,57,13,0,70
2024-05-12T23:28:03,57,13,0,70
2024-05-12T23:34:40,57,13,0,70
2024-05-12T23:41:17,57,13,0,70
2024-05-12T23:47:54,57,13,0,70
2024-05-12T23:54:32,57,13,0,70
2024-05-13T00:01:09,57,13,0,70
2024-05-13T00:07:47,57,13,0,70
2024-05-13T00:14:25,57,13,0,70
2024-05-13T00:21:02,57,13,0,70
2024-05-13T00:27:39,57,13,0,70
2024-05-13T00:34:26,57,13,0,70
2024-05-13T00:41:04,57,13,0,70
2024-05-13T00:47:41,57,13,0,70
2024-05-13T00:54:18,57,13,0,70
2024-05-13T01:00:55,57,13,0,70
2024-05-13T01:07:32,57,13,0,70
2024-05-13T01:14:09,57,13,0,70
2024-05-13T01:20:46,57,13,0,70
2024-05-13T01:27:46,57,13,0,70
2024-05-13T01:34:25,57,13,0,70
2024-05-13T01:41:02,57,13,0,70
2024-05-13T01:47:39,57,13,0,70
2024-05-13T01:54:16,57,13,0,70
2024-05-13T02:00:53,57,13,0,70
2024-05-13T02:07:30,57,13,0,70
2024-05-13T02:14:08,57,13,0,70
2024-05-13T02:20:45,57,13,0,70
2024-05-13T02:27:22,57,13,0,70
2024-05-13T02:33:59,57,13,0,70
2024-05-13T02:40:36,57,13,0,70
2024-05-13T02:47:13,57,13,0,70
2024-05-13T02:53:49,57,13,0,70
2024-05-13T03:00:26,57,13,0,70
2024-05-13T03:07:03,57,13,0,70
2024-05-13T03:13:40,57,13,0,70
2024-05-13T03:20:17,57,13,0,70
2024-05-13T03:26:55,57,13,0,70
2024-05-13T03:33:31,57,13,0,70
2024-05-13T03:40:08,57,13,0,70
2024-05-13T03:46:45,57,13,0,70
2024-05-13T03:53:22,57,13,0,70
2024-05-13T03:59:59,57,13,0,70
2024-05-13T04:06:36,57,13,0,70
2024-05-13T04:25:23,57,13,0,70
2024-05-13T04:32:01,57,13,0,70
2024-05-13T04:38:39,57,13,0,70
2024-05-13T04:45:16,57,13,0,70
2024-05-13T04:53:29,57,13,0,70
2024-05-13T05:00:07,57,13,0,70
2024-05-13T05:06:48,57,13,0,70
2024-05-13T05:13:25,57,13,0,70
2024-05-13T05:20:03,57,13,0,70
2024-05-13T05:26:40,57,13,0,70
2024-05-13T05:33:18,57,13,0,70
2024-05-13T05:39:55,57,13,0,70
2024-05-13T05:46:32,57,13,0,70
2024-05-13T05:53:10,57,13,0,70
2024-05-13T05:59:47,57,13,0,70
2024-05-13T06:06:24,57,13,0,70
2024-05-13T06:13:01,57,13,0,70
2024-05-13T06:19:39,57,13,0,70
2024-05-13T06:26:16,57,13,0,70
2024-05-13T06:32:53,57,13,0,70
2024-05-13T06:39:31,57,13,0,70
2024-05-13T06:46:09,57,13,0,70
2024-05-13T06:52:48,57,13,0,70
2024-05-13T06:59:25,57,13,0,70
2024-05-13T07:06:04,57,13,0,70
2024-05-13T07:12:41,57,13,0,70
2024-05-13T07:19:18,57,13,0,70
2024-05-13T07:25:55,57,13,0,70
2024-05-13T07:32:32,57,13,0,70
2024-05-13T07:39:09,57,13,0,70
2024-05-13T07:45:47,57,13,0,70
2024-05-13T07:52:26,57,13,0,70
2024-05-13T07:59:04,57,13,0,70
2024-05-13T08:05:41,57,13,0,70
2024-05-13T08:12:18,57,13,0,70
2024-05-13T08:18:55,57,13,0,70
2024-05-13T08:25:32,57,13,0,70
2024-05-13T08:32:09,57,13,0,70
2024-05-13T08:38:46,57,13,0,70
2024-05-13T08:45:24,57,13,0,70
2024-05-13T08:52:01,57,13,0,70
2024-05-13T08:58:38,57,13,0,70
2024-05-13T09:05:16,57,13,0,70
2024-05-13T09:12:12,57,13,0,70
2024-05-13T09:18:49,57,13,0,70
2024-05-13T09:25:26,57,13,0,70
2024-05-13T09:32:03,58,12,0,70
2024-05-13T09:38:41,58,12,0,70
2024-05-13T09:45:18,58,12,0,70
2024-05-13T09:51:55,58,12,0,70
2024-05-13T09:58:32,58,12,0,70
2024-05-13T10:05:10,58,12,0,70
2024-05-13T10:11:47,58,12,0,70
2024-05-13T10:18:24,58,12,0,70
2024-05-13T10:25:01,58,12,0,70
2024-05-13T10:31:38,58,12,0,70
2024-05-13T10:38:15,58,12,0,70
2024-05-13T10:44:52,58,12,0,70
2024-05-13T10:51:29,58,12,0,70
2024-05-13T10:58:06,58,12,0,70
2024-05-13T11:04:43,58,12,0,70
2024-05-13T11:11:20,58,12,0,70
2024-05-13T11:17:57,58,12,0,70
2024-05-13T11:24:34,58,12,0,70
2024-05-13T11:31:11,58,12,0,70
2024-05-13T11:37:48,58,12,0,70
2024-05-13T11:44:25,58,12,0,70
2024-05-13T11:51:13,58,12,0,70
2024-05-13T12:00:37,58,12,0,70
2024-05-13T13:10:44,58,12,0,70
2024-05-13T13:17:21,58,12,0,70
2024-05-13T13:23:58,58,12,0,70
2024-05-13T13:30:34,58,12,0,70
2024-05-13T13:37:11,58,12,0,70
2024-05-13T13:43:59,58,12,0,70
2024-05-13T13:50:36,58,12,0,70
2024-05-13T13:58:33,58,12,0,70
2024-05-13T14:08:25,58,12,0,70
2024-05-13T14:16:15,58,12,0,70
2024-05-13T14:24:10,58,12,0,70
2024-05-13T14:32:05,58,12,0,70
2024-05-13T14:39:51,58,12,0,70
2024-05-13T14:47:37,58,12,0,70
2024-05-13T14:55:23,58,12,0,70
2024-05-13T15:03:06,58,12,0,70
2024-05-13T15:10:50,58,12,0,70
2024-05-13T15:17:41,58,12,0,70
2024-05-13T15:24:36,58,12,0,70
2024-05-13T15:31:13,58,12,0,70
2024-05-13T15:37:50,59,11,0,70
2024-05-13T15:44:28,59,11,0,70
2024-05-13T15:51:05,59,11,0,70
2024-05-13T15:57:42,59,11,0,70
2024-05-13T16:04:19,59,11,0,70
2024-05-13T16:10:56,59,11,0,70
2024-05-13T16:17:33,59,11,0,70
2024-05-13T16:24:11,59,11,0,70
2024-05-13T16:30:48,59,11,0,70
2024-05-13T16:37:24,59,11,0,70
2024-05-13T16:44:01,59,11,0,70
2024-05-13T16:50:38,59,11,0,70
2024-05-13T16:57:14,59,11,0,70
2024-05-13T17:03:52,59,11,0,70
2024-05-13T17:10:29,59,11,0,70
2024-05-13T17:17:07,59,11,0,70
2024-05-13T17:23:44,59,11,0,70
2024-05-13T17:30:33,59,11,0,70
2024-05-13T17:37:10,59,11,0,70
2024-05-13T17:43:47,59,11,0,70
2024-05-13T17:50:25,59,11,0,70
2024-05-13T17:57:01,59,11,0,70
2024-05-13T18:03:38,59,11,0,70
2024-05-13T18:10:16,59,11,0,70
2024-05-13T18:16:52,59,11,0,70
2024-05-13T18:23:29,59,11,0,70
2024-05-13T18:30:06,59,11,0,70
2024-05-13T18:36:44,59,11,0,70
2024-05-13T18:43:21,59,11,0,70
2024-05-13T18:49:58,59,11,0,70
2024-05-13T18:56:36,59,11,0,70
2024-05-13T19:03:13,59,11,0,70
2024-05-13T19:09:50,59,11,0,70
2024-05-13T19:16:45,59,11,0,70
2024-05-13T19:23:22,59,11,0,70
2024-05-13T19:29:59,59,11,0,70
2024-05-13T19:36:37,59,11,0,70
2024-05-13T19:43:14,59,11,0,70
2024-05-13T19:49:51,59,11,0,70
2024-05-13T19:56:28,59,11,0,70
2024-05-13T20:03:05,59,11,0,70
2024-05-13T20:09:42,59,11,0,70
2024-05-13T20:16:19,59,11,0,70
2024-05-13T20:22:56,59,11,0,70
2024-05-13T20:29:34,59,11,0,70
2024-05-13T20:36:11,59,11,0,70
2024-05-13T20:42:48,59,11,0,70
2024-05-13T20:49:25,59,11,0,70
2024-05-13T20:56:02,59,11,0,70
2024-05-13T21:02:39,59,11,0,70
2024-05-13T21:09:16,59,11,0,70
2024-05-13T21:15:54,59,11,0,70
2024-05-13T21:22:31,59,11,0,70
2024-05-13T21:29:17,59,11,0,70
2024-05-13T21:35:54,59,11,0,70
2024-05-13T21:42:32,59,11,0,70
2024-05-13T21:49:15,59,11,0,70
2024-05-13T21:55:52,59,11,0,70
2024-05-13T22:02:29,59,11,0,70
2024-05-13T22:09:06,59,11,0,70
2024-05-13T22:15:42,59,11,0,70
2024-05-13T22:22:19,59,11,0,70
2024-05-13T22:28:57,59,11,0,70
2024-05-13T22:35:35,59,11,0,70
2024-05-13T22:42:12,59,11,0,70
2024-05-13T22:48:49,59,11,0,70
2024-05-13T22:55:26,59,11,0,70
2024-05-13T23:02:03,59,11,0,70
2024-05-13T23:08:40,59,11,0,70
2024-05-13T23:15:18,59,11,0,70
2024-05-13T23:21:54,59,11,0,70
2024-05-13T23:28:31,59,11,0,70
2024-05-13T23:35:09,59,11,0,70
2024-05-13T23:41:46,59,11,0,70
2024-05-13T23:48:22,59,11,0,70
2024-05-13T23:54:59,59,11,0,70
2024-05-14T00:01:36,59,11,0,70
2024-05-14T00:08:14,59,11,0,70
